name,state,state_conf
NODE_0000000,NON_GA,"[4.4575854196479845e-05, 0.9999554241458035]"
hCoV-19/Wuhan/Hu-1/2019|EPI_ISL_402125|2019-12-31,NON_GA,"[0.0, 0.9999999999999999]"
NODE_0004620,NON_GA,"[2.896544902847613e-12, 0.9999999999971034]"
hCoV-19/Lu_an/339/2020|EPI_ISL_1081195|2020-02-07,NON_GA,"[0.0, 1.0]"
hCoV-19/Shanghai/SH0073/2020|EPI_ISL_416376|2020-02-05,NON_GA,"[0.0, 1.0]"
hCoV-19/Wuhan/HB-WH2-167/2020|EPI_ISL_454933|2020-02-11,NON_GA,"[0.0, 1.0]"
hCoV-19/Wuhan/IPBCAMS-WH-04/2019|EPI_ISL_403929|2019-12-30,NON_GA,"[0.0, 0.9999999999999999]"
hCoV-19/Wuhan/HB-WH4-205/2020|EPI_ISL_454955|2020-03-01,NON_GA,"[0.0, 1.0]"
hCoV-19/Wuhan/0126-C12/2020|EPI_ISL_493170|2020-01-26,NON_GA,"[0.0, 0.9999999999999999]"
hCoV-19/Hangzhou/HZCDC0049L/2020|EPI_ISL_421231|2020-01-21,NON_GA,"[0.0, 0.9999999999999999]"
hCoV-19/Wuhan/HB-WH2-160/2020|EPI_ISL_454928|2020-02-28,NON_GA,"[0.0, 1.0]"
hCoV-19/Wuhan/0125-A164/2020|EPI_ISL_493157|2020-01-25,NON_GA,"[0.0, 1.0]"
hCoV-19/Wuhan/HB-WH1-135/2020|EPI_ISL_454912|2020-02-25,NON_GA,"[0.0, 1.0]"
hCoV-19/Chongqing/ZX01/2020|EPI_ISL_408479|2020-01-23,NON_GA,"[0.0, 1.0]"
hCoV-19/Lu_an/570/2020|EPI_ISL_1081324|2020-02-11,NON_GA,"[0.0, 1.0]"
hCoV-19/Jiangsu/IVDC-JS-001/2020|EPI_ISL_408488|2020-01-19,NON_GA,"[0.0, 0.9999999999999999]"
hCoV-19/Guangdong/20SF665/2020|EPI_ISL_428469|2020-01-27,NON_GA,"[0.0, 1.0]"
hCoV-19/Hangzhou/HZ79/2020|EPI_ISL_418504|2020-01-21,NON_GA,"[0.0, 0.9999999999999999]"
hCoV-19/Sichuan/SC-WCH4-290/2020|EPI_ISL_451392|2020-01-24,NON_GA,"[0.0, 1.0]"
hCoV-19/Hangzhou/HZ576/2020|EPI_ISL_418514|2020-01-25,NON_GA,"[0.0, 1.0]"
hCoV-19/Wuhan/WHU01/2020|EPI_ISL_406716|2020-01-02,NON_GA,"[0.0, 1.0]"
hCoV-19/Lu_an/733/2020|EPI_ISL_1081331|2020-02-15,NON_GA,"[0.0, 0.9999999999999999]"
hCoV-19/Lu_an/110/2020|EPI_ISL_1069208|2020-02-01,NON_GA,"[0.0, 1.0]"
hCoV-19/Jiangsu/JS03/2020|EPI_ISL_411953|2020-01-24,NON_GA,"[0.0, 1.0]"
hCoV-19/Beijing/IME-HZ01/2020|EPI_ISL_450444|2020-01-22,NON_GA,"[0.0, 1.0]"
hCoV-19/Wuhan/HB-WH5-239/2020|EPI_ISL_454980|2020-02-09,NON_GA,"[0.0, 0.9999999999999999]"
hCoV-19/Lu_an/353/2020|EPI_ISL_1081197|2020-02-07,NON_GA,"[0.0, 1.0]"
hCoV-19/Sichuan/SC-WCH4-286/2020|EPI_ISL_451388|2020-02-10,NON_GA,"[0.0, 1.0]"
hCoV-19/Wuhan/WHU02/2020|EPI_ISL_406717|2020-01-02,NON_GA,"[0.0, 1.0]"
hCoV-19/Shanghai/SH0119/2020|EPI_ISL_416404|2020-02-09,NON_GA,"[0.0, 0.9999999999999999]"
hCoV-19/Hangzhou/HZ162/2020|EPI_ISL_418508|2020-01-23,NON_GA,"[0.0, 1.0]"
hCoV-19/South_Korea/KCDC2007/2020|EPI_ISL_426169|2020-02-05,NON_GA,"[0.0, 1.0]"
hCoV-19/Wuhan/HB-WH4-206/2020|EPI_ISL_454956|2020-03-27,NON_GA,"[0.0, 1.0]"
hCoV-19/Wuhan/IME-WH05/2019|EPI_ISL_529217|2019-12-30,NON_GA,"[0.0, 0.9999999999999999]"
hCoV-19/Wuhan/WH03/2020|EPI_ISL_406800|2020-01-01,NON_GA,"[0.0, 1.0]"
hCoV-19/Lu_an/678/2020|EPI_ISL_1081326|2020-02-14,NON_GA,"[0.0, 1.0]"
hCoV-19/Lu_an/352/2020|EPI_ISL_1081196|2020-02-07,NON_GA,"[0.0, 1.0]"
hCoV-19/Sichuan/SC-NJ-095/2020|EPI_ISL_451344|2020-01-31,NON_GA,"[0.0, 1.0]"
hCoV-19/Wuhan/HB-WH3-176/2020|EPI_ISL_454940|2020-02-28,NON_GA,"[0.0, 1.0]"
hCoV-19/Hangzhou/HZCDC0119/2020|EPI_ISL_421226|2020-01-22,NON_GA,"[0.0, 1.0]"
hCoV-19/Changzhou/JS27/2020|EPI_ISL_455680|2020-01-26,NON_GA,"[0.0, 0.9999999999999999]"
hCoV-19/Wuhan/HB-WH3-179/2020|EPI_ISL_454941|2020-03-13,NON_GA,"[0.0, 1.0]"
hCoV-19/Indonesia/YO-EIJK08/2020|EPI_ISL_766032|2020-03-16,NON_GA,"[0.0, 1.0]"
hCoV-19/Beijing/DT-BJ01/2020|EPI_ISL_452358|2020-02-11,NON_GA,"[0.0, 1.0]"
hCoV-19/Hangzhou/HZCDC0048L/2020|EPI_ISL_421232|2020-01-21,NON_GA,"[0.0, 0.9999999999999999]"
hCoV-19/Hangzhou/HZ60/2020|EPI_ISL_418502|2020-01-22,NON_GA,"[0.0, 1.0]"
hCoV-19/Zhejiang/WZ-02/2020|EPI_ISL_404228|2020-01-17,NON_GA,"[0.0, 1.0]"
hCoV-19/Wuhan/HBCDC-HB-03/2019|EPI_ISL_412899|2019-12-30,NON_GA,"[0.0, 0.9999999999999999]"
hCoV-19/Malaysia/IMR_WC1097/2020|EPI_ISL_430441|2020-02-29,NON_GA,"[0.0, 1.0]"
hCoV-19/Wuhan/0126-C47/2020|EPI_ISL_493177|2020-01-26,NON_GA,"[0.0, 0.9999999999999999]"
hCoV-19/Wuhan/WIV06/2019|EPI_ISL_402129|2019-12-30,NON_GA,"[0.0, 0.9999999999999999]"
hCoV-19/Wuhan/HB-WH4-214/2020|EPI_ISL_454963|2020-03-20,NON_GA,"[0.0, 0.9999999999999999]"
hCoV-19/Lu_an/777/2020|EPI_ISL_1081340|2020-02-15,NON_GA,"[0.0, 0.9999999999999999]"
hCoV-19/Malaysia/0956/2020|EPI_ISL_501181|2020-03-04,NON_GA,"[0.0, 1.0]"
hCoV-19/Hangzhou/HZ477/2020|EPI_ISL_418511|2020-01-24,NON_GA,"[0.0, 1.0]"
hCoV-19/Hangzhou/HZ185/2020|EPI_ISL_418510|2020-01-23,NON_GA,"[0.0, 1.0]"
hCoV-19/Germany/BW-UKT-a118/2020|EPI_ISL_723090|2020-03-23,NON_GA,"[0.0, 0.9999999999999999]"
hCoV-19/Hangzhou/HZCDC0091L/2020|EPI_ISL_421227|2020-01-21,NON_GA,"[0.0, 0.9999999999999999]"
hCoV-19/Lu_an/445/2020|EPI_ISL_1081310|2020-02-08,NON_GA,"[0.0, 0.9999999999999999]"
hCoV-19/Hangzhou/HZ551/2020|EPI_ISL_418513|2020-01-25,NON_GA,"[0.0, 1.0]"
hCoV-19/Qatar/QA20/2020|EPI_ISL_427416|2020-03-23,NON_GA,"[0.0, 0.9999999999999999]"
hCoV-19/Shanghai/SH0110/2020|EPI_ISL_416399|2020-02-13,NON_GA,"[0.0, 1.0]"
hCoV-19/Wuhan/HB-WH3-189/2020|EPI_ISL_454946|2020-03-16,NON_GA,"[0.0, 1.0]"
hCoV-19/Spain/AR-IBV-2489/2020|EPI_ISL_468833|2020-03-24,NON_GA,"[0.0, 1.0]"
hCoV-19/Wuhan/HB-WH2-154/2020|EPI_ISL_455373|2020-02-28,NON_GA,"[0.0, 1.0]"
hCoV-19/Shandong/2020C1240203/2020|EPI_ISL_962873|2020-01-21,NON_GA,"[0.0, 0.9999999999999999]"
hCoV-19/Hangzhou/HZ48/2020|EPI_ISL_418441|2020-01-21,NON_GA,"[0.0, 0.9999999999999999]"
hCoV-19/Beijing/Wuhan_IME-BJ05/2020|EPI_ISL_424359|2020-01-27,NON_GA,"[0.0, 1.0]"
hCoV-19/Qatar/QA13/2020|EPI_ISL_427408|2020-03-23,NON_GA,"[0.0, 0.9999999999999999]"
hCoV-19/Hangzhou/HZCDC0090/2020|EPI_ISL_421230|2020-01-21,NON_GA,"[0.0, 0.9999999999999999]"
hCoV-19/Shanghai/SH0027/2020|EPI_ISL_416336|2020-02-01,NON_GA,"[0.0, 1.0]"
hCoV-19/Guangdong/20SF758/2020|EPI_ISL_428473|2020-01-27,NON_GA,"[0.0, 1.0]"
hCoV-19/Jiangxi/IVDC-JX-002/2020|EPI_ISL_408486|2020-01-11,NON_GA,"[0.0, 1.0]"
hCoV-19/Wuhan/HB-WH5-218/2020|EPI_ISL_455390|2020-03-19,NON_GA,"[0.0, 1.0]"
hCoV-19/Shanghai/SH0076/2020|EPI_ISL_416379|2020-02-01,NON_GA,"[0.0, 1.0]"
hCoV-19/Sichuan/SC-NC-075/2020|EPI_ISL_451334|2020-01-30,NON_GA,"[0.0, 0.9999999999999999]"
hCoV-19/Henan/fahzu0021/2020|EPI_ISL_1040042|2020-02-20,NON_GA,"[0.0, 1.0]"
hCoV-19/Wuhan/HB-WH4-208/2020|EPI_ISL_454957|2020-03-19,NON_GA,"[0.0, 1.0]"
hCoV-19/Wuhan/HB-WH2-169/2020|EPI_ISL_454935|2020-02-11,NON_GA,"[0.0, 1.0]"
hCoV-19/Wuhan/0125-A170/2020|EPI_ISL_493161|2020-01-25,NON_GA,"[0.0, 1.0]"
hCoV-19/Guangdong/GDSZ202008-P0020/2020|EPI_ISL_413866|2020-02-05,NON_GA,"[0.0, 1.0]"
hCoV-19/Spain/AN-IBV-001984/2020|EPI_ISL_509621|2020-03-15,NON_GA,"[0.0, 1.0]"
hCoV-19/Qatar/QA21/2020|EPI_ISL_427417|2020-03-23,NON_GA,"[0.0, 0.9999999999999999]"
hCoV-19/Guangdong/20SF273/2020|EPI_ISL_428460|2020-01-23,NON_GA,"[0.0, 1.0]"
hCoV-19/Guangdong/20SF629/2020|EPI_ISL_428466|2020-01-26,NON_GA,"[0.0, 0.9999999999999999]"
hCoV-19/Netherlands/Utrecht_12/2020|EPI_ISL_414462|2020-03-04,NON_GA,"[0.0, 1.0]"
hCoV-19/Wuhan/HB-WH3-188/2020|EPI_ISL_455383|2020-03-03,NON_GA,"[0.0, 1.0]"
hCoV-19/Wuhan/HB-WH6-247/2020|EPI_ISL_454984|2020-03-15,NON_GA,"[0.0, 1.0]"
hCoV-19/Jiujiang/JX490/2020|EPI_ISL_455463|2020-02-03,NON_GA,"[0.0, 1.0]"
hCoV-19/USA/CA-CZB-1219/2020|EPI_ISL_450468|2020-03-18,NON_GA,"[0.0, 0.9999999999999999]"
hCoV-19/Indonesia/SA-EIJK13/2020|EPI_ISL_574604|2020-03-24,NON_GA,"[0.0, 1.0]"
hCoV-19/Spain/AN-ISCIII-201616/2020|EPI_ISL_455319|2020-03-05,NON_GA,"[0.0, 1.0]"
hCoV-19/Wuhan/HB-WH5-237/2020|EPI_ISL_454978|2020-03-14,NON_GA,"[0.0, 1.0]"
hCoV-19/Wuhan/0125-A167/2020|EPI_ISL_493158|2020-01-25,NON_GA,"[0.0, 1.0]"
hCoV-19/Guangzhou/GZMU0060/2020|EPI_ISL_429103|2020-02-09,NON_GA,"[0.0, 0.9999999999999999]"
hCoV-19/Wuhan/YB012504/2020|EPI_ISL_450489|2020-01-25,NON_GA,"[0.0, 1.0]"
hCoV-19/Indonesia/KI-EIJK-05/2020|EPI_ISL_467374|2020-03-18,NON_GA,"[0.0, 0.9999999999999999]"
hCoV-19/Wuhan/HB-WH3-180/2020|EPI_ISL_455379|2020-03-13,NON_GA,"[0.0, 1.0]"
hCoV-19/Qatar/QA22/2020|EPI_ISL_427418|2020-03-23,NON_GA,"[0.0, 0.9999999999999999]"
hCoV-19/Wuhan/HB-WH6-241/2020|EPI_ISL_455395|2020-03-15,NON_GA,"[0.0, 1.0]"
hCoV-19/Shanghai/SH0031/2020|EPI_ISL_416340|2020-02-02,NON_GA,"[0.0, 1.0]"
hCoV-19/Spain/AN-IBV-002003/2020|EPI_ISL_452396|2020-03-14,NON_GA,"[0.0, 1.0]"
hCoV-19/Wuhan/HB-WH2-159/2020|EPI_ISL_454927|2020-02-28,NON_GA,"[0.0, 1.0]"
hCoV-19/Scotland/GCVR-1705CF/2020|EPI_ISL_459700|2020-03-24,NON_GA,"[0.0, 1.0]"
hCoV-19/Lu_an/49/2020|EPI_ISL_1069199|2020-01-28,NON_GA,"[0.0, 0.9999999999999999]"
hCoV-19/Wuhan/HB-WHCM-115/2020|EPI_ISL_454995|2020-02-21,NON_GA,"[0.0, 1.0]"
hCoV-19/Wuhan/IVDC-HB-04/2020|EPI_ISL_402120|2020-01-01,NON_GA,"[0.0, 1.0]"
hCoV-19/Malaysia/MKAK-CL-2020-5047/2020|EPI_ISL_416866|2020-01-24,NON_GA,"[0.0, 1.0]"
hCoV-19/Shanghai/SH0045/2020|EPI_ISL_416354|2020-02-04,NON_GA,"[0.0, 1.0]"
hCoV-19/Wuhan/IVDC-HB-05/2019|EPI_ISL_402121|2019-12-30,NON_GA,"[0.0, 0.9999999999999999]"
hCoV-19/Sichuan/SC-GA-064/2020|EPI_ISL_451315|2020-01-30,NON_GA,"[0.0, 0.9999999999999999]"
hCoV-19/Wuhan/OS52/2020|EPI_ISL_450500|2020-01-10,NON_GA,"[0.0, 1.0]"
hCoV-19/Wuhan/HB-WH4-198/2020|EPI_ISL_455386|2020-02-12,NON_GA,"[0.0, 0.9999999999999999]"
hCoV-19/Wuhan/HBCDC-HB-01/2019|EPI_ISL_402132|2019-12-30,NON_GA,"[0.0, 0.9999999999999999]"
hCoV-19/Wuhan/0126-C45/2020|EPI_ISL_493176|2020-01-26,NON_GA,"[0.0, 0.9999999999999999]"
hCoV-19/Guangzhou/GZMU0030/2020|EPI_ISL_414686|2020-02-27,NON_GA,"[0.0, 1.0]"
hCoV-19/Sichuan/SC-WCH4-284/2020|EPI_ISL_451386|2020-02-02,NON_GA,"[0.0, 1.0]"
hCoV-19/Wuhan/0126-C5/2020|EPI_ISL_493167|2020-01-26,NON_GA,"[0.0, 0.9999999999999999]"
hCoV-19/Wuhan/HB-WH3-170/2020|EPI_ISL_454936|2020-02-11,NON_GA,"[0.0, 1.0]"
hCoV-19/Sichuan/SC-PHCC2-039/2020|EPI_ISL_451359|2020-01-27,NON_GA,"[0.0, 1.0]"
hCoV-19/Sichuan/SC-MY-055/2020|EPI_ISL_451321|2020-02-02,NON_GA,"[0.0, 1.0]"
hCoV-19/Guangdong/20SF616/2020|EPI_ISL_428465|2020-01-24,NON_GA,"[0.0, 1.0]"
hCoV-19/Wuhan/0125-A137/2020|EPI_ISL_493149|2020-01-25,NON_GA,"[0.0, 1.0]"
hCoV-19/Shanghai/SH0028/2020|EPI_ISL_416337|2020-02-04,NON_GA,"[0.0, 1.0]"
hCoV-19/Guangdong/20SF822/2020|EPI_ISL_428477|2020-01-28,NON_GA,"[0.0, 0.9999999999999999]"
hCoV-19/Wuhan/IPBCAMS-WH-03/2019|EPI_ISL_403930|2019-12-30,NON_GA,"[0.0, 0.9999999999999999]"
hCoV-19/Harbin/HRB-26/2020|EPI_ISL_459909|2020-03-02,NON_GA,"[0.0, 1.0]"
hCoV-19/Guangdong/20SF200/2020|EPI_ISL_428455|2020-01-23,NON_GA,"[0.0, 1.0]"
hCoV-19/Hangzhou/HZ62/2020|EPI_ISL_418503|2020-01-22,NON_GA,"[0.0, 1.0]"
hCoV-19/Spain/AR-IBV-2388/2020|EPI_ISL_468786|2020-03-26,NON_GA,"[0.0, 1.0]"
hCoV-19/Wuhan/HB-WH4-195/2020|EPI_ISL_454949|2020-03-22,NON_GA,"[0.0, 0.9999999999999999]"
hCoV-19/USA/CA-CZB-59X004/2020|EPI_ISL_450486|2020-03-31,NON_GA,"[0.0, 1.0]"
hCoV-19/Wuhan/HB-WH2-147/2020|EPI_ISL_455371|2020-03-02,NON_GA,"[0.0, 1.0]"
hCoV-19/Guangzhou/GZMU0031/2020|EPI_ISL_414687|2020-02-25,NON_GA,"[0.0, 1.0]"
hCoV-19/Shanghai/SH0054/2020|EPI_ISL_416362|2020-02-02,NON_GA,"[0.0, 1.0]"
hCoV-19/Hong_Kong/HKPU57-0702/2020|EPI_ISL_419227|2020-02-15,NON_GA,"[0.0, 0.9999999999999999]"
hCoV-19/Wuhan/HB-WH4-207/2020|EPI_ISL_455389|2020-03-29,NON_GA,"[0.0, 1.0]"
hCoV-19/Indonesia/JI-ITD-136N/2020|EPI_ISL_529961|2020-03-12,NON_GA,"[0.0, 1.0]"
hCoV-19/Indonesia/JI-ITD-853Sp/2020|EPI_ISL_437187|2020-03-25,NON_GA,"[0.0, 1.0]"
hCoV-19/Norway/2087/2020|EPI_ISL_420151|2020-03-17,NON_GA,"[0.0, 1.0]"
hCoV-19/Guangdong/2020XN4373-P0039/2020|EPI_ISL_413851|2020-01-30,NON_GA,"[0.0, 0.9999999999999999]"
hCoV-19/Wuhan/HB-WH1-127/2020|EPI_ISL_454908|2020-03-02,NON_GA,"[0.0, 1.0]"
NODE_0001008,NON_GA,"[0.0011073409533596027, 0.9988926590466404]"
hCoV-19/Jingzhou/HBCDC-HB-01/2020|EPI_ISL_412459|2020-01-08,NON_GA,"[0.0, 0.9999999999999999]"
hCoV-19/Sichuan/SC-WCH2-017/2020|EPI_ISL_451378|2020-01-28,NON_GA,"[0.0, 1.0]"
NODE_0001002,NON_GA,"[5.308487429591166e-06, 0.9999946915125706]"
hCoV-19/Wuhan/IVDC-HB-GX02/2019|EPI_ISL_434534|2019-12-30,NON_GA,"[0.0, 1.0]"
hCoV-19/Wuhan/IME-WH03/2019|EPI_ISL_529215|2019-12-30,NON_GA,"[0.0, 1.0]"
NODE_0001003,NON_GA,"[0.010135013644836393, 0.9898649863551636]"
hCoV-19/Northern_Ireland/NIRE-101FE3/2020|EPI_ISL_441364|2020-03-23,NON_GA,"[0.0, 1.0]"
hCoV-19/Northern_Ireland/NIRE-FADA8/2020|EPI_ISL_448918|2020-03-26,NON_GA,"[0.0, 1.0]"
NODE_0000981,NON_GA,"[0.0031038168551131536, 0.9968961831448868]"
hCoV-19/Wuhan/HB-WH1-131/2020|EPI_ISL_454910|2020-03-02,NON_GA,"[0.0, 0.9999999999999999]"
hCoV-19/Wuhan/HB-WH1-136/2020|EPI_ISL_454913|2020-03-03,NON_GA,"[0.0, 1.0]"
NODE_0000978,NON_GA,"[0.0035744251236218094, 0.9964255748763783]"
hCoV-19/Shandong/2020C1240146/2020|EPI_ISL_962575|2020-01-24,NON_GA,"[0.0, 1.0]"
hCoV-19/Jian/JX129/2020|EPI_ISL_421253|2020-01-26,NON_GA,"[0.0, 1.0]"
NODE_0000964,NON_GA,"[0.004809158284502603, 0.9951908417154974]"
hCoV-19/Guangzhou/GZMU0014/2020|EPI_ISL_414692|2020-02-25,NON_GA,"[0.0, 1.0]"
hCoV-19/Shanghai/SH0039/2020|EPI_ISL_416348|2020-02-06,NON_GA,"[0.0, 1.0]"
NODE_0000961,NON_GA,"[0.010949815542506238, 0.9890501844574938]"
hCoV-19/Indonesia/JK-EIJK-0317/2020|EPI_ISL_435282|2020-03-19,NON_GA,"[0.0, 0.9999999999999999]"
hCoV-19/Indonesia/JI-ITD-1238Sp/2020|EPI_ISL_458079|2020-03-30,NON_GA,"[0.0, 0.9999999999999999]"
NODE_0000931,NON_GA,"[0.006932005489652303, 0.9930679945103476]"
hCoV-19/Harbin/HRB-25/2020|EPI_ISL_467430|2020-03-13,NON_GA,"[0.0, 1.0]"
hCoV-19/Shanghai/SH0106/2020|EPI_ISL_416396|2020-02-10,NON_GA,"[0.0, 1.0]"
NODE_0000928,NON_GA,"[0.0017319415086364364, 0.9982680584913635]"
hCoV-19/Shanghai/SH0020/2020|EPI_ISL_416329|2020-02-01,NON_GA,"[0.0, 1.0]"
hCoV-19/Wuhan/0125-A174/2020|EPI_ISL_493163|2020-01-25,NON_GA,"[0.0, 1.0]"
NODE_0000929,NON_GA,"[0.01033071133223487, 0.989669288667765]"
hCoV-19/England/CAMB-72616/2020|EPI_ISL_439533|2020-03-23,NON_GA,"[0.0, 1.0]"
hCoV-19/England/CAMB-759DE/2020|EPI_ISL_438489|2020-03-31,NON_GA,"[0.0, 1.0]"
NODE_0000920,NON_GA,"[0.01097188830900345, 0.9890281116909965]"
hCoV-19/England/NORT-284794/2020|EPI_ISL_488510|2020-03-23,NON_GA,"[0.0, 1.0]"
hCoV-19/England/20139044504/2020|EPI_ISL_420683|2020-03-28,NON_GA,"[0.0, 0.9999999999999999]"
NODE_0000914,NON_GA,"[1.470349010197889e-05, 0.999985296509898]"
hCoV-19/Spain/AR-ISCIII-201785/2020|EPI_ISL_871980|2020-03-08,NON_GA,"[0.0, 0.9999999999999999]"
hCoV-19/Spain/AR-ISCIII-201786/2020|EPI_ISL_871981|2020-03-08,NON_GA,"[0.0, 0.9999999999999999]"
NODE_0004613,NON_GA,"[0.009442548887656398, 0.9905574511123437]"
hCoV-19/Wuhan/HB-WH3-181/2020|EPI_ISL_454942|2020-03-02,NON_GA,"[0.0, 1.0]"
hCoV-19/Wuhan/HB-WH1-134/2020|EPI_ISL_454911|2020-02-22,NON_GA,"[0.0, 0.9999999999999999]"
NODE_0004611,NON_GA,"[0.0003647678859514246, 0.9996352321140485]"
hCoV-19/Wuhan/HB-WH1-139/2020|EPI_ISL_455367|2020-02-23,NON_GA,"[0.0, 1.0]"
hCoV-19/Wuhan/HB-WH5-224/2020|EPI_ISL_454969|2020-03-16,NON_GA,"[0.0, 0.9999999999999999]"
NODE_0004605,NON_GA,"[0.00038295384267867045, 0.9996170461573214]"
hCoV-19/Spain/AN-ISCIII-201373/2020|EPI_ISL_418244|2020-03-02,NON_GA,"[0.0, 1.0]"
hCoV-19/Wuhan/0126-C100/2020|EPI_ISL_493182|2020-01-26,NON_GA,"[0.0, 1.0]"
NODE_0004602,NON_GA,"[0.003448303433932026, 0.9965516965660679]"
hCoV-19/Guangdong/20SF1159/2020|EPI_ISL_428446|2020-01-31,NON_GA,"[0.0, 0.9999999999999999]"
hCoV-19/Lu_an/80/2020|EPI_ISL_1069201|2020-01-30,NON_GA,"[0.0, 0.9999999999999999]"
NODE_0004600,NON_GA,"[0.004580243078427629, 0.9954197569215725]"
hCoV-19/Japan/PG-0081/2020|EPI_ISL_479832|2020-03-02,NON_GA,"[0.0, 1.0]"
hCoV-19/Japan/PG-0167/2020|EPI_ISL_479877|2020-03-12,NON_GA,"[0.0, 1.0]"
NODE_0001010,NON_GA,"[0.0007300981887790242, 0.999269901811221]"
hCoV-19/Sichuan/SC-WCH4-291/2020|EPI_ISL_451393|2020-02-15,NON_GA,"[0.0, 1.0]"
hCoV-19/Sichuan/SC-NC-068/2020|EPI_ISL_451328|2020-02-02,NON_GA,"[0.0, 1.0]"
hCoV-19/Sichuan/SC-WCH4-288/2020|EPI_ISL_451390|2020-01-23,NON_GA,"[0.0, 1.0]"
NODE_0000997,NON_GA,"[5.698565718050334e-05, 0.9999430143428196]"
hCoV-19/Lu_an/98/2020|EPI_ISL_1069203|2020-01-31,NON_GA,"[0.0, 1.0]"
hCoV-19/Lu_an/195/2020|EPI_ISL_1069215|2020-02-03,NON_GA,"[0.0, 0.9999999999999999]"
hCoV-19/Lu_an/425/2020|EPI_ISL_1081260|2020-02-08,NON_GA,"[0.0, 1.0]"
NODE_0000991,NON_GA,"[0.007360527033341456, 0.9926394729666584]"
hCoV-19/Shangrao/JX1177/2020|EPI_ISL_421250|2020-02-03,NON_GA,"[0.0, 1.0]"
hCoV-19/England/20110059306/2020|EPI_ISL_417312|2020-03-08,NON_GA,"[0.0, 1.0]"
hCoV-19/Pakistan/KHI1/2020|EPI_ISL_451958|2020-03-16,NON_GA,"[0.0, 0.9999999999999999]"
NODE_0000984,NON_GA,"[0.0012150351361356513, 0.9987849648638644]"
hCoV-19/Beijing/Beijing-01/2020|EPI_ISL_514752|2020-01-03,NON_GA,"[0.0, 0.9999999999999999]"
NODE_0000985,NON_GA,"[0.0019337001190316459, 0.9980662998809683]"
hCoV-19/Shanghai/SH0047/2020|EPI_ISL_416355|2020-02-04,NON_GA,"[0.0, 1.0]"
hCoV-19/Lishui/LS111/2020|EPI_ISL_429852|2020-01-25,NON_GA,"[0.0, 0.9999999999999999]"
NODE_0000941,NON_GA,"[0.0008456192790829564, 0.9991543807209171]"
hCoV-19/Shanghai/SH0083/2020|EPI_ISL_416384|2020-02-04,NON_GA,"[0.0, 0.9999999999999999]"
hCoV-19/Shanghai/SH0044/2020|EPI_ISL_416353|2020-02-04,NON_GA,"[0.0, 0.9999999999999999]"
hCoV-19/Shanghai/SH0077/2020|EPI_ISL_416380|2020-02-09,NON_GA,"[0.0, 1.0]"
NODE_0000735,NON_GA,"[0.003008781776173034, 0.996991218223827]"
hCoV-19/Shanghai/SH0060/2020|EPI_ISL_416367|2020-02-01,NON_GA,"[0.0, 1.0]"
hCoV-19/Guangdong/GD2020080-P0010/2020|EPI_ISL_413861|2020-02-01,NON_GA,"[0.0, 1.0]"
hCoV-19/Shanghai/SH01/2020|EPI_ISL_414510|2020-02-02,NON_GA,"[0.0, 0.9999999999999999]"
NODE_0004606,NON_GA,"[8.065385084675597e-05, 0.9999193461491532]"
hCoV-19/Sichuan/SC-WCH4-301/2020|EPI_ISL_451395|2020-01-30,NON_GA,"[0.0, 1.0]"
hCoV-19/Sichuan/SC-WCH-308/2020|EPI_ISL_451379|2020-01-23,NON_GA,"[0.0, 1.0]"
hCoV-19/Sichuan/SC-WCH-310/2020|EPI_ISL_451380|2020-01-24,NON_GA,"[0.0, 1.0]"
NODE_0000987,NON_GA,"[0.0033628024535246395, 0.9966371975464754]"
hCoV-19/Wuhan/HB-WH2-164/2020|EPI_ISL_454931|2020-02-10,NON_GA,"[0.0, 1.0]"
hCoV-19/Wuhan/HB-WH2-168/2020|EPI_ISL_454934|2020-02-11,NON_GA,"[0.0, 1.0]"
hCoV-19/Wuhan/HB-WH2-151/2020|EPI_ISL_455372|2020-03-03,NON_GA,"[0.0, 1.0]"
hCoV-19/Sichuan/SC-WCH1-005/2020|EPI_ISL_451376|2020-01-28,NON_GA,"[0.0, 1.0]"
NODE_0000923,NON_GA,"[0.00036311051072876504, 0.9996368894892713]"
hCoV-19/Wuhan/WIV05/2019|EPI_ISL_402128|2019-12-30,NON_GA,"[0.0, 1.0]"
NODE_0000924,NON_GA,"[0.00015990087426282632, 0.9998400991257373]"
hCoV-19/Beijing/BJ54/2020|EPI_ISL_430735|2020-01-24,NON_GA,"[0.0, 1.0]"
hCoV-19/Beijing/BJ251/2020|EPI_ISL_430742|2020-01-29,NON_GA,"[0.0, 0.9999999999999999]"
hCoV-19/Beijing/BJ53/2020|EPI_ISL_430734|2020-01-24,NON_GA,"[0.0, 1.0]"
NODE_0000957,NON_GA,"[0.006566766852763941, 0.993433233147236]"
hCoV-19/Wuhan/HB-WH3-178/2020|EPI_ISL_455378|2020-03-13,NON_GA,"[0.0, 1.0]"
hCoV-19/Wuhan/HB-WH3-184/2020|EPI_ISL_455380|2020-03-12,NON_GA,"[0.0, 1.0]"
hCoV-19/Wuhan/HB-WH3-171/2020|EPI_ISL_454937|2020-02-11,NON_GA,"[0.0, 1.0]"
hCoV-19/Wuhan/HB-WH3-187/2020|EPI_ISL_455382|2020-03-03,NON_GA,"[0.0, 1.0]"
hCoV-19/Wuhan/HB-WH3-177/2020|EPI_ISL_455377|2020-03-03,NON_GA,"[0.0, 1.0]"
NODE_0000916,NON_GA,"[0.0042765682558297755, 0.9957234317441702]"
hCoV-19/Wuhan/HB-WH2-165/2020|EPI_ISL_455375|2020-02-11,NON_GA,"[0.0, 0.9999999999999999]"
hCoV-19/Wuhan/HB-WH2-163/2020|EPI_ISL_454930|2020-02-10,NON_GA,"[0.0, 1.0]"
hCoV-19/Wuhan/HB-WH2-155/2020|EPI_ISL_454923|2020-02-28,NON_GA,"[0.0, 0.9999999999999999]"
NODE_0000919,NON_GA,"[0.005176675412414414, 0.9948233245875855]"
hCoV-19/Wuhan/HB-WH1-137/2020|EPI_ISL_454914|2020-03-03,NON_GA,"[0.0, 1.0]"
hCoV-19/Wuhan/HB-WH3-190/2020|EPI_ISL_455384|2020-03-16,NON_GA,"[0.0, 1.0]"
NODE_0000972,NON_GA,"[0.0026988425496545974, 0.9973011574503454]"
hCoV-19/Hunan/HN-CIDC-P6/2020|EPI_ISL_539335|2020-01-28,NON_GA,"[0.0, 1.0]"
hCoV-19/Hunan/HN-CIDC-P11/2020|EPI_ISL_539339|2020-01-29,NON_GA,"[0.0, 1.0]"
hCoV-19/Hunan/HN-CIDC-P7/2020|EPI_ISL_539336|2020-01-27,NON_GA,"[0.0, 1.0]"
hCoV-19/Hunan/HN-CIDC-P8/2020|EPI_ISL_539337|2020-01-26,NON_GA,"[0.0, 0.9999999999999999]"
hCoV-19/Hunan/HN-CIDC-P10/2020|EPI_ISL_539338|2020-01-29,NON_GA,"[0.0, 1.0]"
hCoV-19/Hunan/HN-CIDC-P2/2020|EPI_ISL_539333|2020-01-17,NON_GA,"[0.0, 1.0]"
NODE_0000965,NON_GA,"[0.004480791366035846, 0.995519208633964]"
hCoV-19/USA/CA-QDX-2397/2020|EPI_ISL_604671|2020-03-17,NON_GA,"[0.0, 1.0]"
hCoV-19/USA/CA-SCCPHD-UC129/2020|EPI_ISL_435608|2020-03-06,NON_GA,"[0.0, 0.9999999999999999]"
hCoV-19/USA/CA-SCCPHD-UC148/2020|EPI_ISL_435627|2020-03-10,NON_GA,"[0.0, 1.0]"
hCoV-19/USA/WI-UW-238/2020|EPI_ISL_428334|2020-03-27,NON_GA,"[0.0, 0.9999999999999999]"
hCoV-19/USA/WI-UW-229/2020|EPI_ISL_428325|2020-03-26,NON_GA,"[0.0, 1.0]"
hCoV-19/USA/WI-UW-409/2020|EPI_ISL_480391|2020-03-31,NON_GA,"[0.0, 0.9999999999999999]"
NODE_0000898,NON_GA,"[0.0034396928808243586, 0.9965603071191755]"
hCoV-19/Wuhan/0125-A168/2020|EPI_ISL_493159|2020-01-25,NON_GA,"[0.0, 1.0]"
NODE_0000899,NON_GA,"[0.0004112179838160832, 0.999588782016184]"
hCoV-19/Wuhan/0125-A142/2020|EPI_ISL_493150|2020-01-25,NON_GA,"[0.0, 1.0]"
hCoV-19/Wuhan/0125-A152/2020|EPI_ISL_493153|2020-01-25,NON_GA,"[0.0, 1.0]"
NODE_0000901,NON_GA,"[0.00023019648241968217, 0.9997698035175804]"
hCoV-19/Wuhan/0125-A148/2020|EPI_ISL_493152|2020-01-25,NON_GA,"[0.0, 1.0]"
NODE_0000902,NON_GA,"[4.593439639569984e-06, 0.9999954065603606]"
hCoV-19/Wuhan/0125-A160/2020|EPI_ISL_493155|2020-01-25,NON_GA,"[0.0, 1.0]"
hCoV-19/Wuhan/0125-A163/2020|EPI_ISL_493156|2020-01-25,NON_GA,"[0.0, 1.0]"
NODE_0000933,NON_GA,"[4.017741984935022e-05, 0.9999598225801507]"
hCoV-19/Guangdong/20SF812/2020|EPI_ISL_428475|2020-01-28,NON_GA,"[0.0, 0.9999999999999999]"
hCoV-19/Shanghai/SH0053/2020|EPI_ISL_416361|2020-02-01,NON_GA,"[0.0, 1.0]"
hCoV-19/Guangzhou/IQTC01/2020|EPI_ISL_412966|2020-02-05,NON_GA,"[0.0, 1.0]"
hCoV-19/Guangdong/GD2020246-P0028/2020|EPI_ISL_413864|2020-02-09,NON_GA,"[0.0, 1.0]"
hCoV-19/Guangzhou/20SF206/2020|EPI_ISL_406533|2020-01-22,NON_GA,"[0.0, 0.9999999999999999]"
hCoV-19/Shanghai/SH0055/2020|EPI_ISL_416363|2020-02-08,NON_GA,"[0.0, 1.0]"
hCoV-19/Shanghai/SH0051/2020|EPI_ISL_416359|2020-02-06,NON_GA,"[0.0, 1.0]"
hCoV-19/United_Arab_Emirates/skmc-004/2020|EPI_ISL_582613|2020-02-21,NON_GA,"[0.0, 1.0]"
hCoV-19/Wuhan/HB-WH1-138/2020|EPI_ISL_454915|2020-02-24,NON_GA,"[0.0, 1.0]"
NODE_0000889,NON_GA,"[0.00019105528041506308, 0.9998089447195848]"
hCoV-19/Foshan/20SF207/2020|EPI_ISL_406534|2020-01-22,NON_GA,"[0.0, 0.9999999999999999]"
NODE_0000896,NON_GA,"[0.007047219472439552, 0.9929527805275604]"
hCoV-19/Scotland/CVR632/2020|EPI_ISL_425792|2020-03-25,NON_GA,"[0.0, 1.0]"
hCoV-19/Scotland/GCVR-171713/2020|EPI_ISL_489666|2020-03-28,NON_GA,"[0.0, 1.0]"
NODE_0000891,NON_GA,"[0.0005800152331197001, 0.9994199847668803]"
hCoV-19/Guangdong/20SF1153/2020|EPI_ISL_428445|2020-01-30,NON_GA,"[0.0, 1.0]"
hCoV-19/Shanghai/SH0050/2020|EPI_ISL_416358|2020-02-05,NON_GA,"[0.0, 1.0]"
hCoV-19/Shanghai/SH0058/2020|EPI_ISL_416365|2020-01-30,NON_GA,"[0.0, 1.0]"
NODE_0000894,NON_GA,"[0.000270824655752825, 0.9997291753442472]"
hCoV-19/Guangdong/20SF316/2020|EPI_ISL_428461|2020-01-24,NON_GA,"[0.0, 1.0]"
hCoV-19/Wuhan/HB-WH2-158/2020|EPI_ISL_454926|2020-02-28,NON_GA,"[0.0, 1.0]"
hCoV-19/Lu_an/99/2020|EPI_ISL_1069205|2020-01-31,NON_GA,"[0.0, 1.0]"
NODE_0000905,NON_GA,"[0.00565163019363721, 0.9943483698063629]"
hCoV-19/Norway/1986/2020|EPI_ISL_590915|2020-03-10,NON_GA,"[0.0, 1.0]"
hCoV-19/Portugal/PT0056/2020|EPI_ISL_421459|2020-03-20,NON_GA,"[0.0, 1.0]"
NODE_0000907,NON_GA,"[1.1557176685325243e-05, 0.9999884428233147]"
hCoV-19/Germany/NW-HHU-15/2020|EPI_ISL_417460|2020-03-11,NON_GA,"[0.0, 1.0]"
hCoV-19/Netherlands/un-EMC-716/2020|EPI_ISL_523471|2020-03-19,NON_GA,"[0.0, 1.0]"
hCoV-19/Scotland/GCVR-1713D3/2020|EPI_ISL_489613|2020-03-26,NON_GA,"[0.0, 1.0]"
hCoV-19/Germany/HH-hpi-p1792/2020|EPI_ISL_775916|2020-03-19,NON_GA,"[0.0, 1.0]"
hCoV-19/Netherlands/NA_193/2020|EPI_ISL_422728|2020-03-24,NON_GA,"[0.0, 1.0]"
hCoV-19/Slovakia/SK-BMC6/2020|EPI_ISL_417880|2020-03-08,NON_GA,"[0.0, 1.0]"
hCoV-19/Israel/CVL-n-6100/2020|EPI_ISL_474969|2020-03-15,NON_GA,"[0.0, 1.0]"
hCoV-19/Belgium/UGent-19/2020|EPI_ISL_425059|2020-03-24,NON_GA,"[0.0, 1.0]"
NODE_0000944,NON_GA,"[6.3444752310419134e-09, 0.9999999936555249]"
hCoV-19/Guangdong/20SF630/2020|EPI_ISL_428467|2020-01-26,NON_GA,"[0.0, 1.0]"
hCoV-19/Fujian/13/2020|EPI_ISL_411066|2020-01-22,NON_GA,"[0.0, 0.9999999999999999]"
hCoV-19/Shandong/2020C1240355/2020|EPI_ISL_962558|2020-02-05,NON_GA,"[0.0, 0.9999999999999999]"
hCoV-19/Foshan/20SF210/2020|EPI_ISL_406535|2020-01-22,NON_GA,"[0.0, 0.9999999999999999]"
hCoV-19/Foshan/20SF211/2020|EPI_ISL_406536|2020-01-22,NON_GA,"[0.0, 0.9999999999999999]"
hCoV-19/Henan/HN04/2020|EPI_ISL_605930|2020-02-24,NON_GA,"[0.0, 1.0]"
hCoV-19/Wuhan/YB012506/2020|EPI_ISL_450504|2020-01-25,NON_GA,"[0.0, 1.0]"
hCoV-19/Shanghai/SH0109/2020|EPI_ISL_416398|2020-02-02,NON_GA,"[0.0, 1.0]"
hCoV-19/Sichuan/SC-WCH-315/2020|EPI_ISL_451382|2020-01-25,NON_GA,"[0.0, 1.0]"
NODE_0000952,NON_GA,"[0.0006697782719057131, 0.9993302217280944]"
NODE_0000953,NON_GA,"[0.00027289303022284275, 0.9997271069697772]"
hCoV-19/Guangzhou/IQTC03/2020|EPI_ISL_529149|2020-01-29,NON_GA,"[0.0, 1.0]"
hCoV-19/Guangzhou/IQTC05/2020|EPI_ISL_444273|2020-02-05,NON_GA,"[0.0, 1.0]"
NODE_0000954,NON_GA,"[0.0028368682280235816, 0.9971631317719764]"
hCoV-19/Guangzhou/GZMU0079/2020|EPI_ISL_457691|2020-02-11,NON_GA,"[0.0, 0.9999999999999999]"
hCoV-19/Guangzhou/GZMU0092/2020|EPI_ISL_457694|2020-02-17,NON_GA,"[0.0, 1.0]"
NODE_0000644,NON_GA,"[0.001972763716672148, 0.9980272362833279]"
hCoV-19/Wuhan/HB-WH4-196/2020|EPI_ISL_454950|2020-03-20,NON_GA,"[0.0, 1.0]"
hCoV-19/Guangzhou/GZMU0009/2020|EPI_ISL_429076|2020-02-07,NON_GA,"[0.0, 1.0]"
hCoV-19/Guangzhou/GZMU0057/2020|EPI_ISL_429100|2020-01-27,NON_GA,"[0.0, 1.0]"
hCoV-19/Guangzhou/GZMU0055/2020|EPI_ISL_429105|2020-01-29,NON_GA,"[0.0, 1.0]"
hCoV-19/Jiangsu/JS02/2020|EPI_ISL_411952|2020-01-24,NON_GA,"[0.0, 1.0]"
hCoV-19/Wuhan/HB-WH5-233/2020|EPI_ISL_454976|2020-03-04,NON_GA,"[0.0, 1.0]"
hCoV-19/Guangzhou/GZMU0010/2020|EPI_ISL_429077|2020-02-07,NON_GA,"[0.0, 1.0]"
hCoV-19/Guangdong/20SF040/2020|EPI_ISL_403937|2020-01-18,NON_GA,"[0.0, 1.0]"
hCoV-19/Guangdong/20SF028/2020|EPI_ISL_403936|2020-01-17,NON_GA,"[0.0, 1.0]"
hCoV-19/Shangrao/JX1215/2020|EPI_ISL_421257|2020-02-02,NON_GA,"[0.0, 1.0]"
hCoV-19/Guangzhou/GZMU0035/2020|EPI_ISL_429088|2020-02-01,NON_GA,"[0.0, 1.0]"
hCoV-19/Guangzhou/GZMU0013/2020|EPI_ISL_429078|2020-02-07,NON_GA,"[0.0, 1.0]"
hCoV-19/Guangzhou/GZMU0059/2020|EPI_ISL_429102|2020-01-27,NON_GA,"[0.0, 1.0]"
NODE_0000657,NON_GA,"[0.0011559612117701635, 0.9988440387882298]"
hCoV-19/Lu_an/359/2020|EPI_ISL_1081198|2020-02-07,NON_GA,"[0.0, 0.9999999999999999]"
hCoV-19/Lu_an/163/2020|EPI_ISL_1069211|2020-02-02,NON_GA,"[0.0, 1.0]"
NODE_0000701,NON_GA,"[2.2565413063867633e-06, 0.9999977434586936]"
hCoV-19/England/CAMB-71CCA/2020|EPI_ISL_439610|2020-03-30,NON_GA,"[0.0, 1.0]"
hCoV-19/Germany/NW-HHU-63/2020|EPI_ISL_523934|2020-03-11,NON_GA,"[0.0, 1.0]"
hCoV-19/England/CAMB-79A04/2020|EPI_ISL_433813|2020-03-26,NON_GA,"[0.0, 1.0]"
hCoV-19/Germany/NW-HHU-79/2020|EPI_ISL_523950|2020-03-20,NON_GA,"[0.0, 1.0]"
hCoV-19/Germany/BY-MVP-0079/2020|EPI_ISL_437273|2020-03-30,NON_GA,"[0.0, 1.0]"
hCoV-19/Germany/NW-HHU-02-1/2020|EPI_ISL_414497|2020-02-25,NON_GA,"[0.0, 1.0]"
hCoV-19/Germany/NW-HHU-153/2020|EPI_ISL_602523|2020-03-04,NON_GA,"[0.0, 1.0]"
hCoV-19/Austria/CeMM0425/2020|EPI_ISL_475853|2020-03-05,NON_GA,"[0.0, 0.9999999999999999]"
hCoV-19/Germany/NW-UKB-06586/2020|EPI_ISL_983583|2020-03-03,NON_GA,"[0.0, 0.9999999999999999]"
hCoV-19/Germany/NW-HHU-150/2020|EPI_ISL_602520|2020-03-03,NON_GA,"[0.0, 0.9999999999999999]"
hCoV-19/Germany/NW-HHU-152/2020|EPI_ISL_602522|2020-03-04,NON_GA,"[0.0, 1.0]"
hCoV-19/Germany/HH-hpi-p1616/2020|EPI_ISL_776070|2020-03-17,NON_GA,"[0.0, 0.9999999999999999]"
hCoV-19/Hong_Kong/HKPU-00481/2020|EPI_ISL_1289442|2020-03-27,NON_GA,"[0.0, 1.0]"
hCoV-19/Germany/HH-hpi-p1500/2020|EPI_ISL_776006|2020-03-14,NON_GA,"[0.0, 1.0]"
hCoV-19/Germany/NW-HHU-14/2020|EPI_ISL_417459|2020-03-11,NON_GA,"[0.0, 1.0]"
hCoV-19/Germany/NW-HHU-06/2020|EPI_ISL_414505|2020-02-27,NON_GA,"[0.0, 0.9999999999999999]"
hCoV-19/Netherlands/Limburg_13/2020|EPI_ISL_461001|2020-03-10,NON_GA,"[0.0, 0.9999999999999999]"
hCoV-19/Germany/NW-HHU-60/2020|EPI_ISL_523931|2020-03-08,NON_GA,"[0.0, 1.0]"
NODE_0000718,NON_GA,"[0.0030033555555170816, 0.9969966444444829]"
hCoV-19/Wuhan/0126-C94/2020|EPI_ISL_493180|2020-01-26,NON_GA,"[0.0, 0.9999999999999999]"
NODE_0000719,NON_GA,"[0.004527465609421138, 0.9954725343905789]"
hCoV-19/Malaysia/IMR-WC9185/2020|EPI_ISL_489994|2020-03-30,NON_GA,"[0.0, 1.0]"
hCoV-19/South_Korea/KCDC2180/2020|EPI_ISL_506974|2020-03-25,NON_GA,"[0.0, 1.0]"
hCoV-19/India/TN-NCDC-2517/2020|EPI_ISL_436418|2020-03-31,NON_GA,"[0.0, 1.0]"
hCoV-19/Australia/NSW69/2020|EPI_ISL_427705|2020-03-20,NON_GA,"[0.0, 1.0]"
hCoV-19/Philippines/PGC03/2020|EPI_ISL_434555|2020-03-26,NON_GA,"[0.0, 1.0]"
hCoV-19/USA/DC-DFS-PHL-0012/2020|EPI_ISL_804899|2020-03-17,NON_GA,"[0.0, 0.9999999999999999]"
hCoV-19/Philippines/PGC06/2020|EPI_ISL_434558|2020-03-28,NON_GA,"[0.0, 1.0]"
hCoV-19/France/IDF_PSL_85/2020|EPI_ISL_1015099|2020-03-22,NON_GA,"[0.0, 0.9999999999999999]"
NODE_0000734,NON_GA,"[0.0027665228156934373, 0.9972334771843064]"
hCoV-19/Fujian/IM3520016T/2020|EPI_ISL_431783|2020-03-19,NON_GA,"[0.0, 1.0]"
hCoV-19/Fujian/IM3520017T/2020|EPI_ISL_431784|2020-03-18,NON_GA,"[0.0, 1.0]"
NODE_0000726,NON_GA,"[0.004156027090863912, 0.9958439729091361]"
hCoV-19/Malaysia/1713/2020|EPI_ISL_501186|2020-03-25,NON_GA,"[0.0, 1.0]"
hCoV-19/Malaysia/0931/2020|EPI_ISL_501180|2020-03-23,NON_GA,"[0.0, 1.0]"
hCoV-19/Malaysia/2065/2020|EPI_ISL_501189|2020-03-26,NON_GA,"[0.0, 1.0]"
NODE_0000729,NON_GA,"[0.005017955415492108, 0.9949820445845079]"
hCoV-19/Indonesia/JB-EIJK56/2020|EPI_ISL_889008|2020-03-31,NON_GA,"[0.0, 1.0]"
hCoV-19/Malaysia/2875/2020|EPI_ISL_501198|2020-03-28,NON_GA,"[0.0, 1.0]"
NODE_0000731,NON_GA,"[0.004961262298621375, 0.9950387377013786]"
hCoV-19/Malaysia/2063/2020|EPI_ISL_501188|2020-03-26,NON_GA,"[0.0, 0.9999999999999999]"
hCoV-19/India/WB-IK3/2020|EPI_ISL_511900|2020-03-31,NON_GA,"[0.0, 1.0]"
NODE_0000658,NON_GA,"[0.005556149876466273, 0.9944438501235338]"
hCoV-19/Iran/KHGRC-1.1-IPI-8206/2020|EPI_ISL_442523|2020-03-09,NON_GA,"[0.0, 1.0]"
NODE_0000659,NON_GA,"[7.472813712153375e-05, 0.9999252718628786]"
hCoV-19/Bahrein/BAH-02/2020|EPI_ISL_483543|2020-03-11,NON_GA,"[0.0, 0.9999999999999999]"
hCoV-19/Iran/Tehran-09/2020|EPI_ISL_862077|2020-02-20,NON_GA,"[0.0, 1.0]"
hCoV-19/Turkey/ERAGEM-001/2020|EPI_ISL_424366|2020-03-17,NON_GA,"[0.0, 0.9999999999999999]"
hCoV-19/Iran/1325/2020|EPI_ISL_594186|2020-03-28,NON_GA,"[0.0, 1.0]"
hCoV-19/Shanghai/SH0022/2020|EPI_ISL_416331|2020-01-30,NON_GA,"[0.0, 1.0]"
hCoV-19/Bahrein/BAH-05/2020|EPI_ISL_483546|2020-03-15,NON_GA,"[0.0, 0.9999999999999999]"
hCoV-19/Shanghai/SH0070/2020|EPI_ISL_416373|2020-02-07,NON_GA,"[0.0, 1.0]"
hCoV-19/India/MH-C179/2020|EPI_ISL_1039249|2020-03-10,NON_GA,"[0.0, 1.0]"
hCoV-19/Turkey/HSGM-5516/2020|EPI_ISL_428713|2020-03-18,NON_GA,"[0.0, 1.0]"
hCoV-19/Turkey/HSGM-439/2020|EPI_ISL_437307|2020-03-25,NON_GA,"[0.0, 1.0]"
NODE_0000696,NON_GA,"[0.0016320785980826022, 0.9983679214019173]"
hCoV-19/USA/NY-QDX-2231/2020|EPI_ISL_604570|2020-03-15,NON_GA,"[0.0, 1.0]"
hCoV-19/USA/CA-QDX-1414/2020|EPI_ISL_572066|2020-03-17,NON_GA,"[0.0, 1.0]"
NODE_0000697,NON_GA,"[0.006712068522170297, 0.9932879314778298]"
hCoV-19/Iran/HGRC-2-2162/2020|EPI_ISL_437512|2020-03-26,NON_GA,"[0.0, 1.0]"
hCoV-19/Iran/KHGRC-2-2162/2020|EPI_ISL_442044|2020-03-26,NON_GA,"[0.0, 1.0]"
NODE_0000690,NON_GA,"[0.008501553638470022, 0.9914984463615301]"
hCoV-19/Turkey/HSGM-10232/2020|EPI_ISL_437334|2020-03-24,NON_GA,"[0.0, 1.0]"
NODE_0000691,NON_GA,"[0.0033936773759182864, 0.9966063226240818]"
hCoV-19/Turkey/HSGM-1492/2020|EPI_ISL_437320|2020-03-19,NON_GA,"[0.0, 1.0]"
hCoV-19/Turkey/HSGM-1497/2020|EPI_ISL_437321|2020-03-19,NON_GA,"[0.0, 1.0]"
NODE_0000687,NON_GA,"[0.0005878704961233403, 0.9994121295038767]"
hCoV-19/Shanghai/SH0080/2020|EPI_ISL_416382|2020-02-08,NON_GA,"[0.0, 1.0]"
NODE_0000688,NON_GA,"[0.0014311133041973226, 0.9985688866958027]"
hCoV-19/Shanghai/SH0125/2020|EPI_ISL_416406|2020-02-15,NON_GA,"[0.0, 1.0]"
hCoV-19/Shanghai/SH0126/2020|EPI_ISL_416407|2020-02-15,NON_GA,"[0.0, 1.0]"
NODE_0000668,NON_GA,"[0.0006304939146025447, 0.9993695060853974]"
hCoV-19/Kuwait/KU12/2020|EPI_ISL_416458|2020-03-02,NON_GA,"[0.0, 1.0]"
hCoV-19/Iran/Tehran-08/2020|EPI_ISL_862078|2020-02-20,NON_GA,"[0.0, 0.9999999999999999]"
hCoV-19/Iran/GRC-43/2020|EPI_ISL_596453|2020-03-02,NON_GA,"[0.0, 1.0]"
hCoV-19/Turkey/HSGM-1009/2020|EPI_ISL_437322|2020-03-19,NON_GA,"[0.0, 1.0]"
hCoV-19/Turkey/HSGM-8010/2020|EPI_ISL_428722|2020-03-22,NON_GA,"[0.0, 1.0]"
hCoV-19/Bahrein/BAH-07/2020|EPI_ISL_483548|2020-03-14,NON_GA,"[0.0, 1.0]"
hCoV-19/Iran/Qom-907/2020|EPI_ISL_1014677|2020-03-07,NON_GA,"[0.0, 1.0]"
hCoV-19/Turkey/HSGM-11518/2020|EPI_ISL_429872|2020-03-25,NON_GA,"[0.0, 0.9999999999999999]"
hCoV-19/Turkey/HSGM-1450/2020|EPI_ISL_437306|2020-03-27,NON_GA,"[0.0, 0.9999999999999999]"
hCoV-19/Iran/GRC-70/2020|EPI_ISL_596454|2020-03-08,NON_GA,"[0.0, 1.0]"
hCoV-19/Turkey/HSGM-8992/2020|EPI_ISL_429865|2020-03-18,NON_GA,"[0.0, 1.0]"
NODE_0000676,NON_GA,"[4.7343743868153473e-07, 0.9999995265625612]"
hCoV-19/Iran/NIV-P2-Q100/2020|EPI_ISL_637101|2020-03-10,NON_GA,"[0.0, 1.0]"
hCoV-19/Iran/Q100/2020|EPI_ISL_637099|2020-03-10,NON_GA,"[0.0, 1.0]"
hCoV-19/Iran/NIV-P1-Q100/2020|EPI_ISL_637100|2020-03-10,NON_GA,"[0.0, 1.0]"
NODE_0000680,NON_GA,"[0.0044089855596318225, 0.9955910144403682]"
hCoV-19/Turkey/HSGM-4598/2020|EPI_ISL_429868|2020-03-17,NON_GA,"[0.0, 0.9999999999999999]"
NODE_0000681,NON_GA,"[1.3008286633584243e-05, 0.9999869917133664]"
hCoV-19/Iran/NIV-P1-Q111/2020|EPI_ISL_637103|2020-03-10,NON_GA,"[0.0, 1.0]"
hCoV-19/Iran/NIV-P2-Q111/2020|EPI_ISL_637104|2020-03-10,NON_GA,"[0.0, 1.0]"
NODE_0000682,NON_GA,"[0.005362140474944159, 0.9946378595250559]"
hCoV-19/Turkey/HSGM-1468/2020|EPI_ISL_437312|2020-03-25,NON_GA,"[0.0, 0.9999999999999999]"
NODE_0000683,NON_GA,"[0.0045709436097945404, 0.9954290563902055]"
hCoV-19/Turkey/HSGM-1444/2020|EPI_ISL_437318|2020-03-19,NON_GA,"[0.0, 1.0]"
hCoV-19/Turkey/HSGM-510/2020|EPI_ISL_437314|2020-03-26,NON_GA,"[0.0, 1.0]"
NODE_0000739,NON_GA,"[1.7954479238292766e-09, 0.999999998204552]"
hCoV-19/Sichuan/SC-PHCC1-035/2020|EPI_ISL_451356|2020-02-07,NON_GA,"[0.0, 0.9999999999999999]"
hCoV-19/Spain/AR-IBV-2471/2020|EPI_ISL_468784|2020-03-08,NON_GA,"[0.0, 1.0]"
hCoV-19/Wuhan/HB-WH5-232/2020|EPI_ISL_454975|2020-03-01,NON_GA,"[0.0, 1.0]"
hCoV-19/Guangdong/20SF198/2020|EPI_ISL_428454|2020-01-22,NON_GA,"[0.0, 1.0]"
hCoV-19/Italy/VEN-SR-117-B/2020|EPI_ISL_1064056|2020-03-05,NON_GA,"[0.0, 1.0]"
hCoV-19/France/IDF-0372-P5/2020|EPI_ISL_1301441|2020-01-23,NON_GA,"[0.0, 1.0]"
hCoV-19/Italy/VEN-SR-11-B/2020|EPI_ISL_1064084|2020-02-25,NON_GA,"[0.0, 1.0]"
hCoV-19/Guangdong/20SF753/2020|EPI_ISL_428472|2020-01-28,NON_GA,"[0.0, 1.0]"
hCoV-19/Spain/VC-IBV-98003103/2020|EPI_ISL_538039|2020-03-15,NON_GA,"[0.0, 1.0]"
hCoV-19/Poland/PL_P42/2020|EPI_ISL_492067|2020-03-28,NON_GA,"[0.0, 1.0]"
hCoV-19/Italy/VEN-SI_38/2020|EPI_ISL_1181773|2020-02-25,NON_GA,"[0.0, 1.0]"
hCoV-19/Portugal/PT0596/2020|EPI_ISL_454319|2020-03-28,NON_GA,"[0.0, 1.0]"
hCoV-19/Norway/1694/2020|EPI_ISL_420136|2020-03-04,NON_GA,"[0.0, 1.0]"
hCoV-19/France/BRE-2334/2020|EPI_ISL_416503|2020-03-01,NON_GA,"[0.0, 1.0]"
hCoV-19/Beijing/ICDC-DT005/2020|EPI_ISL_412386|2020-02-05,NON_GA,"[0.0, 0.9999999999999999]"
hCoV-19/Lu_an/625/2020|EPI_ISL_1081325|2020-02-13,NON_GA,"[0.0, 1.0]"
hCoV-19/Shandong/2020C1240383/2020|EPI_ISL_962551|2020-02-01,NON_GA,"[0.0, 0.9999999999999999]"
hCoV-19/Italy/VEN-SI_8/2020|EPI_ISL_1181790|2020-02-25,NON_GA,"[0.0, 1.0]"
hCoV-19/Germany/BE-ChVir2192/2020|EPI_ISL_729499|2020-03-05,NON_GA,"[0.0, 1.0]"
hCoV-19/Spain/AR-ISCIII-201849/2020|EPI_ISL_539518|2020-03-09,NON_GA,"[0.0, 1.0]"
hCoV-19/Spain/AR-ISCIII-201778/2020|EPI_ISL_578192|2020-03-08,NON_GA,"[0.0, 1.0]"
hCoV-19/Shandong/2020C1240386/2020|EPI_ISL_962549|2020-02-04,NON_GA,"[0.0, 1.0]"
hCoV-19/Shandong/2020C1240384/2020|EPI_ISL_962550|2020-02-03,NON_GA,"[0.0, 1.0]"
hCoV-19/Italy/VEN-SR-87-B/2020|EPI_ISL_1064078|2020-02-26,NON_GA,"[0.0, 1.0]"
hCoV-19/Italy/VEN-SR-106-B/2020|EPI_ISL_1064040|2020-03-08,NON_GA,"[0.0, 1.0]"
hCoV-19/Wuhan/HB-WH4-212/2020|EPI_ISL_454961|2020-03-19,NON_GA,"[0.0, 1.0]"
hCoV-19/Thailand/SI200893-NT/2020|EPI_ISL_437624|2020-02-01,NON_GA,"[0.0, 0.9999999999999999]"
hCoV-19/Guangdong/20SF1136/2020|EPI_ISL_428442|2020-01-30,NON_GA,"[0.0, 0.9999999999999999]"
hCoV-19/Spain/EX-ISCIII-201259/2020|EPI_ISL_871975|2020-02-29,NON_GA,"[0.0, 0.9999999999999999]"
hCoV-19/Shanghai/SH0056/2020|EPI_ISL_416364|2020-02-08,NON_GA,"[0.0, 1.0]"
hCoV-19/Henan/fahzu0032/2020|EPI_ISL_1040045|2020-02-26,NON_GA,"[0.0, 1.0]"
hCoV-19/Spain/AN-IBV-001887/2020|EPI_ISL_452461|2020-03-12,NON_GA,"[0.0, 1.0]"
hCoV-19/Shandong/2020C1240314/2020|EPI_ISL_962559|2020-02-05,NON_GA,"[0.0, 0.9999999999999999]"
hCoV-19/Shandong/2020C1240295/2020|EPI_ISL_962564|2020-02-06,NON_GA,"[0.0, 1.0]"
hCoV-19/Italy/VEN-SR-5-B/2020|EPI_ISL_1064062|2020-02-28,NON_GA,"[0.0, 1.0]"
hCoV-19/Italy/VEN-SR-19-B/2020|EPI_ISL_1064101|2020-02-23,NON_GA,"[0.0, 1.0]"
hCoV-19/Spain/AR-IBV-2454/2020|EPI_ISL_468774|2020-03-24,NON_GA,"[0.0, 1.0]"
hCoV-19/Italy/VEN-SR-93-B/2020|EPI_ISL_1064039|2020-03-08,NON_GA,"[0.0, 1.0]"
hCoV-19/Shandong/2020C1240062/2020|EPI_ISL_962583|2020-01-30,NON_GA,"[0.0, 0.9999999999999999]"
hCoV-19/Italy/VEN-SR-109-B/2020|EPI_ISL_1064037|2020-03-08,NON_GA,"[0.0, 1.0]"
hCoV-19/Spain/AR-IBV-2417/2020|EPI_ISL_468797|2020-03-17,NON_GA,"[0.0, 1.0]"
hCoV-19/Italy/VEN-SR-27-B/2020|EPI_ISL_1064034|2020-02-28,NON_GA,"[0.0, 1.0]"
hCoV-19/Spain/MD-ISCIII-201738/2020|EPI_ISL_419237|2020-03-07,NON_GA,"[0.0, 0.9999999999999999]"
hCoV-19/Wuhan/HB-WH5-223/2020|EPI_ISL_454968|2020-03-02,NON_GA,"[0.0, 1.0]"
hCoV-19/Spain/EX-ISCIII-201247/2020|EPI_ISL_862654|2020-02-28,NON_GA,"[0.0, 1.0]"
hCoV-19/Wuhan/HB-WH5-222/2020|EPI_ISL_454967|2020-03-20,NON_GA,"[0.0, 1.0]"
hCoV-19/Italy/VEN-SR-110-B/2020|EPI_ISL_1064050|2020-03-07,NON_GA,"[0.0, 0.9999999999999999]"
hCoV-19/Spain/EX-ISCIII-201788/2020|EPI_ISL_871979|2020-03-08,NON_GA,"[0.0, 1.0]"
hCoV-19/Wuhan/HB-WHCM-109/2020|EPI_ISL_454992|2020-02-27,NON_GA,"[0.0, 1.0]"
hCoV-19/Italy/VEN-SI-9-B/2020|EPI_ISL_1064076|2020-02-27,NON_GA,"[0.0, 1.0]"
hCoV-19/Italy/VEN-SI-18-B/2020|EPI_ISL_1064095|2020-02-24,NON_GA,"[0.0, 1.0]"
hCoV-19/Wuhan/HB-WHCM-113/2020|EPI_ISL_454993|2020-02-28,NON_GA,"[0.0, 1.0]"
hCoV-19/Shandong/2020C1240500/2020|EPI_ISL_962543|2020-01-25,NON_GA,"[0.0, 0.9999999999999999]"
hCoV-19/Italy/VEN-SR-43-B/2020|EPI_ISL_1064105|2020-02-23,NON_GA,"[0.0, 1.0]"
hCoV-19/Italy/VEN-SR-67-B/2020|EPI_ISL_1064114|2020-02-22,NON_GA,"[0.0, 1.0]"
hCoV-19/Italy/VEN-SR-22-B/2020|EPI_ISL_1064113|2020-02-22,NON_GA,"[0.0, 1.0]"
hCoV-19/Italy/VEN-SR-130-B/2020|EPI_ISL_1064090|2020-02-25,NON_GA,"[0.0, 1.0]"
hCoV-19/Italy/VEN-SR-35-B/2020|EPI_ISL_1064065|2020-02-28,NON_GA,"[0.0, 1.0]"
hCoV-19/Italy/VEN-SR-20-B/2020|EPI_ISL_1064073|2020-02-27,NON_GA,"[0.0, 1.0]"
hCoV-19/Sichuan/SC-WCH-311/2020|EPI_ISL_451381|2020-01-27,NON_GA,"[0.0, 1.0]"
hCoV-19/Italy/VEN-SI_50/2020|EPI_ISL_1181765|2020-02-25,NON_GA,"[0.0, 1.0]"
hCoV-19/Zhejiang/OS1/2020|EPI_ISL_455688|2020-03-24,NON_GA,"[0.0, 1.0]"
hCoV-19/Italy/VEN-SR-115-B/2020|EPI_ISL_1064042|2020-03-08,NON_GA,"[0.0, 1.0]"
hCoV-19/Lu_an/409/2020|EPI_ISL_1081199|2020-02-08,NON_GA,"[0.0, 1.0]"
hCoV-19/Spain/AR-ISCIII-201673/2020|EPI_ISL_539508|2020-03-07,NON_GA,"[0.0, 0.9999999999999999]"
hCoV-19/Italy/VEN-SR-25-B/2020|EPI_ISL_1064106|2020-02-22,NON_GA,"[0.0, 1.0]"
hCoV-19/Sichuan/SC-GA-065/2020|EPI_ISL_451316|2020-02-01,NON_GA,"[0.0, 0.9999999999999999]"
hCoV-19/Italy/VEN-SR-122-B/2020|EPI_ISL_1064052|2020-03-06,NON_GA,"[0.0, 1.0]"
NODE_0000868,NON_GA,"[0.005444463336433506, 0.9945555366635664]"
hCoV-19/Italy/VEN-SR-56-B/2020|EPI_ISL_1064098|2020-02-23,NON_GA,"[0.0, 1.0]"
hCoV-19/Italy/VEN-SR-32-B/2020|EPI_ISL_1064110|2020-02-22,NON_GA,"[0.0, 1.0]"
NODE_0000865,NON_GA,"[0.001289758358209566, 0.9987102416417905]"
hCoV-19/Beijing/BJ709/2020|EPI_ISL_430729|2020-02-07,NON_GA,"[0.0, 1.0]"
hCoV-19/Beijing/BJ710/2020|EPI_ISL_430740|2020-02-07,NON_GA,"[0.0, 1.0]"
NODE_0000857,NON_GA,"[1.4567655043719837e-05, 0.9999854323449563]"
hCoV-19/Spain/AR-ISCIII-201782/2020|EPI_ISL_539515|2020-03-08,NON_GA,"[0.0, 0.9999999999999999]"
hCoV-19/Spain/AR-ISCIII-201781/2020|EPI_ISL_578193|2020-03-08,NON_GA,"[0.0, 0.9999999999999999]"
NODE_0000859,NON_GA,"[0.008307294082530881, 0.9916927059174692]"
hCoV-19/Wuhan/HB-WH4-213/2020|EPI_ISL_454962|2020-03-14,NON_GA,"[0.0, 1.0]"
hCoV-19/Wuhan/HB-WH4-211/2020|EPI_ISL_454960|2020-03-18,NON_GA,"[0.0, 1.0]"
NODE_0000870,NON_GA,"[0.0005813856059622963, 0.9994186143940377]"
hCoV-19/Spain/AN-IBV-002043/2020|EPI_ISL_452383|2020-03-16,NON_GA,"[0.0, 1.0]"
hCoV-19/Spain/AN-IBV-001996/2020|EPI_ISL_509626|2020-03-16,NON_GA,"[0.0, 1.0]"
hCoV-19/Spain/AN-IBV-001980/2020|EPI_ISL_509619|2020-03-15,NON_GA,"[0.0, 1.0]"
NODE_0000879,NON_GA,"[6.130663232297585e-07, 0.9999993869336767]"
hCoV-19/Italy/VEN-SR-99-B/2020|EPI_ISL_1064033|2020-03-08,NON_GA,"[0.0, 1.0]"
hCoV-19/Italy/VEN-SR-15-B/2020|EPI_ISL_1064071|2020-02-27,NON_GA,"[0.0, 1.0]"
hCoV-19/Italy/VEN-SR-58-B/2020|EPI_ISL_1064093|2020-02-24,NON_GA,"[0.0, 0.9999999999999999]"
hCoV-19/Italy/VEN-SR-21-B/2020|EPI_ISL_1064092|2020-02-24,NON_GA,"[0.0, 0.9999999999999999]"
hCoV-19/Italy/VEN-SR-107-B/2020|EPI_ISL_1064046|2020-03-07,NON_GA,"[0.0, 1.0]"
hCoV-19/Italy/VEN-SR-18-B/2020|EPI_ISL_1064060|2020-02-28,NON_GA,"[0.0, 0.9999999999999999]"
NODE_0000765,NON_GA,"[0.001021588742169482, 0.9989784112578305]"
hCoV-19/Australia/VIC966/2020|EPI_ISL_430653|2020-03-27,NON_GA,"[0.0, 1.0]"
hCoV-19/Spain/AR-IBV-2485/2020|EPI_ISL_468780|2020-03-24,NON_GA,"[0.0, 1.0]"
NODE_0000829,NON_GA,"[0.003200967739547978, 0.9967990322604521]"
hCoV-19/England/BRIS-121DB6/2020|EPI_ISL_440098|2020-03-17,NON_GA,"[0.0, 1.0]"
hCoV-19/England/CAMB-73F38/2020|EPI_ISL_440321|2020-03-20,NON_GA,"[0.0, 0.9999999999999999]"
NODE_0000828,NON_GA,"[0.003479799260776048, 0.9965202007392241]"
hCoV-19/South_Korea/KCDC2034/2020|EPI_ISL_497955|2020-02-20,NON_GA,"[0.0, 1.0]"
hCoV-19/South_Korea/KCDC2038/2020|EPI_ISL_497959|2020-02-20,NON_GA,"[0.0, 1.0]"
NODE_0000810,NON_GA,"[0.0008240959094401556, 0.9991759040905598]"
hCoV-19/South_Korea/KCDC2102/2020|EPI_ISL_498003|2020-03-04,NON_GA,"[0.0, 1.0]"
hCoV-19/South_Korea/KCDC2025/2020|EPI_ISL_471441|2020-02-19,NON_GA,"[0.0, 1.0]"
hCoV-19/South_Korea/KCDC2042/2020|EPI_ISL_471448|2020-02-19,NON_GA,"[0.0, 1.0]"
hCoV-19/South_Korea/KCDC2041/2020|EPI_ISL_471447|2020-02-19,NON_GA,"[0.0, 1.0]"
hCoV-19/South_Korea/KCDC2021/2020|EPI_ISL_471426|2020-02-18,NON_GA,"[0.0, 1.0]"
hCoV-19/South_Korea/KCDC2162/2020|EPI_ISL_506956|2020-03-08,NON_GA,"[0.0, 1.0]"
hCoV-19/South_Korea/Chosun-CoV32_NP/2020|EPI_ISL_1007662|2020-02-21,NON_GA,"[0.0, 1.0]"
hCoV-19/South_Korea/IHC614/2020|EPI_ISL_540995|2020-02-21,NON_GA,"[0.0, 1.0]"
hCoV-19/South_Korea/KCDC2088/2020|EPI_ISL_497989|2020-02-22,NON_GA,"[0.0, 1.0]"
hCoV-19/South_Korea/KCDC2055/2020|EPI_ISL_481375|2020-02-22,NON_GA,"[0.0, 1.0]"
hCoV-19/South_Korea/KCDC2082/2020|EPI_ISL_497983|2020-02-22,NON_GA,"[0.0, 1.0]"
hCoV-19/South_Korea/KCDC2020/2020|EPI_ISL_471425|2020-02-18,NON_GA,"[0.0, 1.0]"
NODE_0000815,NON_GA,"[0.0015933283335762918, 0.9984066716664237]"
hCoV-19/South_Korea/BA-ACH_2718/2020|EPI_ISL_420800|2020-02-29,NON_GA,"[0.0, 1.0]"
hCoV-19/South_Korea/BA-ACH_2719/2020|EPI_ISL_420801|2020-02-29,NON_GA,"[0.0, 1.0]"
NODE_0000821,NON_GA,"[0.00107580739893981, 0.9989241926010602]"
hCoV-19/South_Korea/KCDC2110/2020|EPI_ISL_498011|2020-03-12,NON_GA,"[0.0, 1.0]"
hCoV-19/South_Korea/KCDC2191/2020|EPI_ISL_506985|2020-03-29,NON_GA,"[0.0, 1.0]"
NODE_0000820,NON_GA,"[0.00013972166539716555, 0.9998602783346028]"
hCoV-19/South_Korea/Chosun-CoV46_SP/2020|EPI_ISL_1007668|2020-02-24,NON_GA,"[0.0, 1.0]"
hCoV-19/South_Korea/KCDC2023/2020|EPI_ISL_471439|2020-02-19,NON_GA,"[0.0, 1.0]"
NODE_0000769,NON_GA,"[0.0005184727163655634, 0.9994815272836345]"
hCoV-19/France/ARA-11036/2020|EPI_ISL_418432|2020-03-18,NON_GA,"[0.0, 0.9999999999999999]"
hCoV-19/USA/NY-NYCPHL-000041/2020|EPI_ISL_631536|2020-03-08,NON_GA,"[0.0, 1.0]"
hCoV-19/Spain/MD-IBV-004906/2020|EPI_ISL_481086|2020-03-10,NON_GA,"[0.0, 0.9999999999999999]"
hCoV-19/South_Korea/KCDC2132/2020|EPI_ISL_498033|2020-03-17,NON_GA,"[0.0, 1.0]"
hCoV-19/Netherlands/NA_74/2020|EPI_ISL_422834|2020-03-10,NON_GA,"[0.0, 0.9999999999999999]"
hCoV-19/Germany/BE-ChVir1897/2020|EPI_ISL_729482|2020-03-17,NON_GA,"[0.0, 1.0]"
hCoV-19/Ireland/D-NVRL-24042/2020|EPI_ISL_418583|2020-03-10,NON_GA,"[0.0, 0.9999999999999999]"
hCoV-19/Canada/QC-JUS-V5251566/2020|EPI_ISL_890565|2020-03-24,NON_GA,"[0.0, 0.9999999999999999]"
hCoV-19/Germany/HH-hpi-p2138/2020|EPI_ISL_776375|2020-03-22,NON_GA,"[0.0, 1.0]"
hCoV-19/Hangzhou/HZCDC6789/2020|EPI_ISL_421221|2020-03-15,NON_GA,"[0.0, 1.0]"
hCoV-19/England/OXON-AF197/2020|EPI_ISL_448818|2020-03-17,NON_GA,"[0.0, 1.0]"
hCoV-19/Spain/PV-IBV-003200/2020|EPI_ISL_480972|2020-03-12,NON_GA,"[0.0, 1.0]"
hCoV-19/Germany/BY-ChVir-3171-5707/2020|EPI_ISL_806526|2020-03-27,NON_GA,"[0.0, 1.0]"
hCoV-19/Iceland/422/2020|EPI_ISL_424446|2020-03-19,NON_GA,"[0.0, 0.9999999999999999]"
hCoV-19/Germany/HH-hpi-p1828/2020|EPI_ISL_776182|2020-03-22,NON_GA,"[0.0, 1.0]"
hCoV-19/Belgium/HAA-030953/2020|EPI_ISL_418982|2020-03-09,NON_GA,"[0.0, 1.0]"
hCoV-19/Canada/Qc-LSPQ-L00238342/2020|EPI_ISL_536207|2020-03-25,NON_GA,"[0.0, 1.0]"
hCoV-19/USA/CA-QDX-1437/2020|EPI_ISL_572089|2020-03-18,NON_GA,"[0.0, 0.9999999999999999]"
NODE_0000783,NON_GA,"[0.002242788274798668, 0.9977572117252013]"
hCoV-19/England/GSTT-265E368/2020|EPI_ISL_484191|2020-03-12,NON_GA,"[0.0, 1.0]"
NODE_0000784,NON_GA,"[0.002988158900627938, 0.997011841099372]"
hCoV-19/Canada/QC-JUS-V5250534/2020|EPI_ISL_890748|2020-03-21,NON_GA,"[0.0, 1.0]"
hCoV-19/England/BRIS-1247A6/2020|EPI_ISL_443769|2020-03-25,NON_GA,"[0.0, 1.0]"
NODE_0000789,NON_GA,"[0.0026181973536682163, 0.9973818026463319]"
hCoV-19/England/201061439/2020|EPI_ISL_464410|2020-03-04,NON_GA,"[0.0, 1.0]"
NODE_0000790,NON_GA,"[0.0006211993297160682, 0.999378800670284]"
hCoV-19/England/201060323/2020|EPI_ISL_464402|2020-03-04,NON_GA,"[0.0, 1.0]"
hCoV-19/USA/MN-MDH-1312/2020|EPI_ISL_495611|2020-03-23,NON_GA,"[0.0, 1.0]"
hCoV-19/England/CAMB-755F8/2020|EPI_ISL_425412|2020-03-17,NON_GA,"[0.0, 1.0]"
hCoV-19/Germany/HH-hpi-p1762/2020|EPI_ISL_776136|2020-03-19,NON_GA,"[0.0, 1.0]"
hCoV-19/Zhejiang/OS5/2020|EPI_ISL_455689|2020-03-24,NON_GA,"[0.0, 1.0]"
hCoV-19/South_Korea/KCDC2129/2020|EPI_ISL_498030|2020-03-16,NON_GA,"[0.0, 1.0]"
hCoV-19/Hangzhou/HZCDC6948/2020|EPI_ISL_482579|2020-03-17,NON_GA,"[0.0, 1.0]"
hCoV-19/Germany/HH-hpi-p1923/2020|EPI_ISL_776254|2020-03-25,NON_GA,"[0.0, 0.9999999999999999]"
hCoV-19/Netherlands/NA_21/2020|EPI_ISL_415478|2020-03-08,NON_GA,"[0.0, 0.9999999999999999]"
hCoV-19/South_Korea/KCDC2188/2020|EPI_ISL_506982|2020-03-28,NON_GA,"[0.0, 1.0]"
hCoV-19/Hangzhou/HZCDC7019/2020|EPI_ISL_482580|2020-03-18,NON_GA,"[0.0, 1.0]"
hCoV-19/England/LIVE-A87E7/2020|EPI_ISL_517214|2020-03-27,NON_GA,"[0.0, 1.0]"
hCoV-19/England/CAMB-740DA/2020|EPI_ISL_440329|2020-03-17,NON_GA,"[0.0, 1.0]"
hCoV-19/England/20140002204/2020|EPI_ISL_423371|2020-03-29,NON_GA,"[0.0, 1.0]"
hCoV-19/England/201141519/2020|EPI_ISL_464757|2020-03-09,NON_GA,"[0.0, 0.9999999999999999]"
hCoV-19/England/SHEF-C0260/2020|EPI_ISL_420191|2020-03-27,NON_GA,"[0.0, 1.0]"
NODE_0000804,NON_GA,"[0.005201776458727506, 0.9947982235412725]"
hCoV-19/England/201340120/2020|EPI_ISL_423081|2020-03-24,NON_GA,"[0.0, 1.0]"
hCoV-19/Ireland/D-20G41952/2020|EPI_ISL_848164|2020-03-26,NON_GA,"[0.0, 1.0]"
NODE_0000799,NON_GA,"[0.00018444651213368502, 0.9998155534878664]"
hCoV-19/USA/NY-Wadsworth-10683-01/2020|EPI_ISL_426027|2020-03-04,NON_GA,"[0.0, 0.9999999999999999]"
hCoV-19/USA/NY-QDX-1237/2020|EPI_ISL_572013|2020-03-17,NON_GA,"[0.0, 0.9999999999999999]"
NODE_0000091,NON_GA,"[4.3160513804943836e-05, 0.999956839486195]"
hCoV-19/Sichuan/SC-NC-071/2020|EPI_ISL_451330|2020-01-29,NON_GA,"[0.0, 1.0]"
hCoV-19/Wuhan/HB-WH4-200/2020|EPI_ISL_454952|2020-02-19,NON_GA,"[0.0, 1.0]"
hCoV-19/Beijing/DT-BJ03/2020|EPI_ISL_452361|2020-02-11,NON_GA,"[0.0, 0.9999999999999999]"
hCoV-19/Wuhan/HB-WH4-201/2020|EPI_ISL_454953|2020-03-18,NON_GA,"[0.0, 1.0]"
hCoV-19/Wuhan/HB-WH1-126/2020|EPI_ISL_454907|2020-03-02,NON_GA,"[0.0, 1.0]"
hCoV-19/Wuhan/HB-WH5-238/2020|EPI_ISL_454979|2020-03-18,NON_GA,"[0.0, 1.0]"
hCoV-19/Sichuan/SC-PHCC1-032/2020|EPI_ISL_451353|2020-01-27,NON_GA,"[0.0, 1.0]"
hCoV-19/Wuhan/HB-WH5-229/2020|EPI_ISL_454973|2020-02-22,NON_GA,"[0.0, 1.0]"
hCoV-19/Sichuan/SC-MY-056/2020|EPI_ISL_451322|2020-02-01,NON_GA,"[0.0, 0.9999999999999999]"
NODE_0000639,NON_GA,"[0.009886226006702834, 0.9901137739932971]"
hCoV-19/Wuhan/HB-WH1-133/2020|EPI_ISL_455366|2020-02-23,NON_GA,"[0.0, 1.0]"
hCoV-19/Wuhan/HB-WH4-202/2020|EPI_ISL_455388|2020-03-17,NON_GA,"[0.0, 1.0]"
NODE_0000634,NON_GA,"[0.0028909267392487155, 0.9971090732607514]"
hCoV-19/Sichuan/SC-NC-078/2020|EPI_ISL_451337|2020-01-30,NON_GA,"[0.0, 1.0]"
hCoV-19/Sichuan/SC-LZ-079/2020|EPI_ISL_451318|2020-02-19,NON_GA,"[0.0, 0.9999999999999999]"
NODE_0000636,NON_GA,"[0.0015751754246217799, 0.9984248245753783]"
hCoV-19/Fuzhou/JX2012/2020|EPI_ISL_455462|2020-02-05,NON_GA,"[0.0, 1.0]"
hCoV-19/Sichuan/SC-MY-059/2020|EPI_ISL_451325|2020-01-31,NON_GA,"[0.0, 1.0]"
NODE_0000097,NON_GA,"[5.268761902359432e-06, 0.9999947312380978]"
hCoV-19/Guangdong/2020XN4459-P0041/2020|EPI_ISL_413858|2020-01-30,NON_GA,"[0.0, 0.9999999999999999]"
hCoV-19/Guangdong/GDSZ202015-P0019/2020|EPI_ISL_413867|2020-02-05,NON_GA,"[0.0, 1.0]"
hCoV-19/Sichuan/SC-PHCC2-051/2020|EPI_ISL_451371|2020-02-09,NON_GA,"[0.0, 1.0]"
hCoV-19/Shaoxing/01/2020|EPI_ISL_463889|2020-01-27,NON_GA,"[0.0, 1.0]"
hCoV-19/Guangzhou/IQTC04/2020|EPI_ISL_529150|2020-01-27,NON_GA,"[0.0, 1.0]"
hCoV-19/Wuhan/0126-C7/2020|EPI_ISL_493168|2020-01-26,NON_GA,"[0.0, 0.9999999999999999]"
hCoV-19/Shanghai/SH0024/2020|EPI_ISL_416333|2020-01-30,NON_GA,"[0.0, 0.9999999999999999]"
hCoV-19/Spain/RI-IBV-99005899/2020|EPI_ISL_537438|2020-03-31,NON_GA,"[0.0, 0.9999999999999999]"
hCoV-19/Wuhan/HBCDC-HB-03/2020|EPI_ISL_412979|2020-01-18,NON_GA,"[0.0, 1.0]"
hCoV-19/Wuhan/WHUH006/2020|EPI_ISL_449481|2020-01-22,NON_GA,"[0.0, 1.0]"
hCoV-19/Guangzhou/GZMU0074/2020|EPI_ISL_457687|2020-02-11,NON_GA,"[0.0, 0.9999999999999999]"
hCoV-19/Guangzhou/GZMU0047/2020|EPI_ISL_414690|2020-02-25,NON_GA,"[0.0, 1.0]"
hCoV-19/Zhejiang/OS2/2020|EPI_ISL_455692|2020-03-24,NON_GA,"[0.0, 0.9999999999999999]"
hCoV-19/Guangzhou/GZMU0045/2020|EPI_ISL_429092|2020-02-08,NON_GA,"[0.0, 0.9999999999999999]"
hCoV-19/Nanchang/JX149/2020|EPI_ISL_421247|2020-01-27,NON_GA,"[0.0, 1.0]"
hCoV-19/Guangzhou/GZMU0024/2020|EPI_ISL_429083|2020-02-05,NON_GA,"[0.0, 1.0]"
hCoV-19/Wuhan/WHUH011/2020|EPI_ISL_449484|2020-01-22,NON_GA,"[0.0, 1.0]"
hCoV-19/Guangzhou/GZMU0099/2020|EPI_ISL_457696|2020-02-20,NON_GA,"[0.0, 1.0]"
hCoV-19/Guangzhou/GZMU0075/2020|EPI_ISL_457688|2020-02-11,NON_GA,"[0.0, 0.9999999999999999]"
hCoV-19/Xinyu/JX122/2020|EPI_ISL_421249|2020-01-25,NON_GA,"[0.0, 1.0]"
hCoV-19/Guangdong/20SF684/2020|EPI_ISL_428470|2020-01-27,NON_GA,"[0.0, 1.0]"
hCoV-19/Guangzhou/GZMU0008/2020|EPI_ISL_429075|2020-02-07,NON_GA,"[0.0, 1.0]"
hCoV-19/Guangzhou/GZMU0078/2020|EPI_ISL_457690|2020-02-11,NON_GA,"[0.0, 0.9999999999999999]"
hCoV-19/Sichuan/SC-WCH3-255/2020|EPI_ISL_451384|2020-01-27,NON_GA,"[0.0, 1.0]"
hCoV-19/Shangrao/JX29/2020|EPI_ISL_421244|2020-01-22,NON_GA,"[0.0, 1.0]"
hCoV-19/Guangzhou/GZMU0044/2020|EPI_ISL_414689|2020-02-25,NON_GA,"[0.0, 1.0]"
hCoV-19/Ganzhou/JX81/2020|EPI_ISL_421242|2020-01-25,NON_GA,"[0.0, 1.0]"
hCoV-19/Guangzhou/GZMU0048/2020|EPI_ISL_414691|2020-02-25,NON_GA,"[0.0, 1.0]"
hCoV-19/Henan/fahzu0010/2020|EPI_ISL_1040034|2020-02-15,NON_GA,"[0.0, 1.0]"
hCoV-19/Guangzhou/GZMU0023/2020|EPI_ISL_429082|2020-02-05,NON_GA,"[0.0, 1.0]"
hCoV-19/Guangzhou/GZMU0077/2020|EPI_ISL_457689|2020-02-11,NON_GA,"[0.0, 0.9999999999999999]"
hCoV-19/Nanchang/JXN3T4/2020|EPI_ISL_421246|2020-02-26,NON_GA,"[0.0, 1.0]"
hCoV-19/Guangzhou/GZMU0025/2020|EPI_ISL_429084|2020-02-05,NON_GA,"[0.0, 1.0]"
hCoV-19/Shangrao/JX1948/2020|EPI_ISL_421240|2020-02-05,NON_GA,"[0.0, 1.0]"
hCoV-19/Guangzhou/GZMU0095/2020|EPI_ISL_457695|2020-02-17,NON_GA,"[0.0, 1.0]"
hCoV-19/Guangzhou/GZMU0039/2020|EPI_ISL_429090|2020-02-08,NON_GA,"[0.0, 0.9999999999999999]"
hCoV-19/Shandong/2020C1240367/2020|EPI_ISL_962556|2020-01-25,NON_GA,"[0.0, 1.0]"
hCoV-19/Guangdong/2020XN4475-P0042/2020|EPI_ISL_413854|2020-01-30,NON_GA,"[0.0, 0.9999999999999999]"
hCoV-19/Nanchang/JX14/2020|EPI_ISL_421243|2020-01-21,NON_GA,"[0.0, 1.0]"
hCoV-19/Wuhan/0126-C26/2020|EPI_ISL_493173|2020-01-26,NON_GA,"[0.0, 0.9999999999999999]"
hCoV-19/Shanghai/SH0010/2020|EPI_ISL_416323|2020-01-29,NON_GA,"[0.0, 0.9999999999999999]"
hCoV-19/Shandong/2020C1240111/2020|EPI_ISL_962579|2020-01-28,NON_GA,"[0.0, 1.0]"
hCoV-19/Shaoxing/02/2020|EPI_ISL_463894|2020-01-30,NON_GA,"[0.0, 0.9999999999999999]"
hCoV-19/Guangzhou/GZMU0041/2020|EPI_ISL_429091|2020-02-08,NON_GA,"[0.0, 0.9999999999999999]"
hCoV-19/Shanghai/SH0065/2020|EPI_ISL_416368|2020-02-05,NON_GA,"[0.0, 1.0]"
hCoV-19/Zhejiang/CN1/2020|EPI_ISL_455683|2020-01-22,NON_GA,"[0.0, 1.0]"
hCoV-19/Shaoxing/04/2020|EPI_ISL_463896|2020-01-31,NON_GA,"[0.0, 0.9999999999999999]"
hCoV-19/Beijing/BJ288/2020|EPI_ISL_430725|2020-01-29,NON_GA,"[0.0, 0.9999999999999999]"
hCoV-19/Shandong/2020C1240134/2020|EPI_ISL_962874|2020-01-29,NON_GA,"[0.0, 0.9999999999999999]"
hCoV-19/Wuhan/0126-C101/2020|EPI_ISL_493183|2020-01-26,NON_GA,"[0.0, 0.9999999999999999]"
hCoV-19/Wuhan/WHUH005/2020|EPI_ISL_449480|2020-01-22,NON_GA,"[0.0, 1.0]"
hCoV-19/Wuhan/HBCDC-HB-04/2020|EPI_ISL_412980|2020-01-18,NON_GA,"[0.0, 1.0]"
hCoV-19/Shandong/2020C1240526/2020|EPI_ISL_962540|2020-02-17,NON_GA,"[0.0, 1.0]"
hCoV-19/Guangdong/20SF1107/2020|EPI_ISL_428441|2020-01-29,NON_GA,"[0.0, 0.9999999999999999]"
hCoV-19/Yichun/JX2424/2020|EPI_ISL_455467|2020-02-12,NON_GA,"[0.0, 0.9999999999999999]"
hCoV-19/Shandong/2020C1240303/2020|EPI_ISL_962562|2020-02-04,NON_GA,"[0.0, 1.0]"
hCoV-19/Wuhan/IME-WH01/2019|EPI_ISL_529213|2019-12-30,NON_GA,"[0.0, 1.0]"
hCoV-19/Nanchang/JX90/2020|EPI_ISL_421245|2020-01-25,NON_GA,"[0.0, 1.0]"
hCoV-19/Tianmen/HBCDC-HB-07/2020|EPI_ISL_412983|2020-02-08,NON_GA,"[0.0, 0.9999999999999999]"
hCoV-19/Guangdong/MZ01/2020|EPI_ISL_454417|2020-02-13,NON_GA,"[0.0, 0.9999999999999999]"
hCoV-19/Wuhan/0125-A191/2020|EPI_ISL_493165|2020-01-25,NON_GA,"[0.0, 1.0]"
hCoV-19/Wuhan/0126-C43/2020|EPI_ISL_493175|2020-01-26,NON_GA,"[0.0, 0.9999999999999999]"
NODE_0000595,NON_GA,"[0.005658352612768601, 0.9943416473872313]"
hCoV-19/Spain/MD-H12-LP19-4952/2020|EPI_ISL_428676|2020-03-07,NON_GA,"[0.0, 1.0]"
hCoV-19/Wuhan/HBCDC-HB-06/2020|EPI_ISL_412982|2020-02-07,NON_GA,"[0.0, 1.0]"
NODE_0000585,NON_GA,"[0.00012865314875549165, 0.9998713468512445]"
hCoV-19/Shanghai/SH0075/2020|EPI_ISL_416378|2020-01-30,NON_GA,"[0.0, 1.0]"
hCoV-19/Shandong/2020C1240428/2020|EPI_ISL_962547|2020-01-26,NON_GA,"[0.0, 1.0]"
NODE_0000577,NON_GA,"[0.004084756745914814, 0.9959152432540851]"
hCoV-19/Sichuan/SC-PHCC1-027/2020|EPI_ISL_451348|2020-02-09,NON_GA,"[0.0, 1.0]"
hCoV-19/Sichuan/SC-PHCC1-033/2020|EPI_ISL_451354|2020-02-09,NON_GA,"[0.0, 1.0]"
NODE_0000541,NON_GA,"[0.004047427309772899, 0.995952572690227]"
hCoV-19/Guangdong/20SF2546/2020|EPI_ISL_428458|2020-02-06,NON_GA,"[0.0, 0.9999999999999999]"
hCoV-19/Guangdong/20SF4047/2020|EPI_ISL_428462|2020-02-17,NON_GA,"[0.0, 1.0]"
NODE_0000502,NON_GA,"[0.0024413945078219385, 0.9975586054921781]"
hCoV-19/Nanchang/JX39/2020|EPI_ISL_421248|2020-01-23,NON_GA,"[0.0, 0.9999999999999999]"
hCoV-19/Shanghai/SH0115/2020|EPI_ISL_416402|2020-02-11,NON_GA,"[0.0, 1.0]"
NODE_0000587,NON_GA,"[0.002728706271002785, 0.9972712937289973]"
hCoV-19/Shanghai/SH0041/2020|EPI_ISL_416350|2020-01-29,NON_GA,"[0.0, 1.0]"
hCoV-19/Shandong/2020C1240293/2020|EPI_ISL_962565|2020-02-05,NON_GA,"[0.0, 0.9999999999999999]"
hCoV-19/Lu_an/176/2020|EPI_ISL_1069213|2020-02-03,NON_GA,"[0.0, 1.0]"
NODE_0000504,NON_GA,"[0.0011889852188980276, 0.998811014781102]"
hCoV-19/Lu_an/19/2020|EPI_ISL_1069173|2020-01-26,NON_GA,"[0.0, 1.0]"
NODE_0000505,NON_GA,"[0.0009948751744320934, 0.9990051248255678]"
hCoV-19/South_Korea/KCDC05/2020|EPI_ISL_412869|2020-01-30,NON_GA,"[0.0, 1.0]"
hCoV-19/Guangdong/2020XN4273-P0036/2020|EPI_ISL_413860|2020-01-30,NON_GA,"[0.0, 1.0]"
NODE_0000598,NON_GA,"[3.894012844282992e-05, 0.9999610598715573]"
hCoV-19/Wuhan/0126-C106/2020|EPI_ISL_493186|2020-01-26,NON_GA,"[0.0, 1.0]"
hCoV-19/Wuhan/0126-C111/2020|EPI_ISL_493189|2020-01-26,NON_GA,"[0.0, 1.0]"
hCoV-19/Wuhan/0126-C98/2020|EPI_ISL_493181|2020-01-26,NON_GA,"[0.0, 1.0]"
hCoV-19/Wuhan/0126-C103/2020|EPI_ISL_493185|2020-01-26,NON_GA,"[0.0, 1.0]"
hCoV-19/Wuhan/0126-C109/2020|EPI_ISL_493188|2020-01-26,NON_GA,"[0.0, 1.0]"
NODE_0000580,NON_GA,"[1.1108634909323625e-05, 0.9999888913650906]"
hCoV-19/Shandong/LY007-2/2020|EPI_ISL_414940|2020-01-25,NON_GA,"[0.0, 1.0]"
hCoV-19/Shandong/LY008-2/2020|EPI_ISL_414941|2020-01-30,NON_GA,"[0.0, 1.0]"
hCoV-19/Shandong/LY003-2/2020|EPI_ISL_414936|2020-01-23,NON_GA,"[0.0, 1.0]"
hCoV-19/Shandong/LY004-2/2020|EPI_ISL_414937|2020-01-26,NON_GA,"[0.0, 1.0]"
hCoV-19/Shandong/LY006-2/2020|EPI_ISL_414939|2020-01-25,NON_GA,"[0.0, 1.0]"
NODE_0000273,NON_GA,"[0.0006113984628292313, 0.9993886015371708]"
hCoV-19/Beijing/BJ390/2020|EPI_ISL_430730|2020-01-31,NON_GA,"[0.0, 1.0]"
hCoV-19/Henan/HN03/2020|EPI_ISL_450442|2020-02-24,NON_GA,"[0.0, 1.0]"
hCoV-19/South_Korea/KCDC15-NCCP43331/2020|EPI_ISL_812961|2020-03-17,NON_GA,"[0.0, 1.0]"
hCoV-19/Beijing/Wuhan_IME-BJ02/2020|EPI_ISL_424356|2020-01-25,NON_GA,"[0.0, 0.9999999999999999]"
hCoV-19/South_Korea/KCDC2018/2020|EPI_ISL_427812|2020-02-19,NON_GA,"[0.0, 1.0]"
hCoV-19/Beijing/235/2020|EPI_ISL_413521|2020-01-28,NON_GA,"[0.0, 1.0]"
NODE_0000278,NON_GA,"[0.00354687952147545, 0.9964531204785245]"
hCoV-19/South_Korea/KCDC2167/2020|EPI_ISL_506961|2020-03-09,NON_GA,"[0.0, 1.0]"
hCoV-19/South_Korea/KCDC2170/2020|EPI_ISL_506964|2020-03-09,NON_GA,"[0.0, 1.0]"
hCoV-19/South_Korea/KCDC2142/2020|EPI_ISL_498043|2020-03-21,NON_GA,"[0.0, 0.9999999999999999]"
hCoV-19/South_Korea/KCDC2104/2020|EPI_ISL_498005|2020-03-09,NON_GA,"[0.0, 1.0]"
hCoV-19/South_Korea/A3/2020|EPI_ISL_485002|2020-03-13,NON_GA,"[0.0, 1.0]"
NODE_0000529,NON_GA,"[0.0030221518724240274, 0.996977848127576]"
hCoV-19/Shandong/2020C1240636/2020|EPI_ISL_962869|2020-02-14,NON_GA,"[0.0, 0.9999999999999999]"
NODE_0000530,NON_GA,"[0.0011355853394073175, 0.9988644146605926]"
hCoV-19/Shandong/2020C1240312/2020|EPI_ISL_962560|2020-02-06,NON_GA,"[0.0, 1.0]"
hCoV-19/Shandong/2020C1240310/2020|EPI_ISL_962561|2020-02-03,NON_GA,"[0.0, 0.9999999999999999]"
hCoV-19/Shandong/2020C1240070/2020|EPI_ISL_962582|2020-02-02,NON_GA,"[0.0, 0.9999999999999999]"
NODE_0000538,NON_GA,"[0.004489328388782372, 0.9955106716112178]"
hCoV-19/Shandong/2020C1240551/2020|EPI_ISL_962533|2020-02-14,NON_GA,"[0.0, 1.0]"
hCoV-19/Shandong/2020C1240548/2020|EPI_ISL_962534|2020-02-13,NON_GA,"[0.0, 1.0]"
NODE_0000532,NON_GA,"[0.000795681438484062, 0.999204318561516]"
hCoV-19/Shandong/2020C1240247/2020|EPI_ISL_962570|2020-02-03,NON_GA,"[0.0, 1.0]"
hCoV-19/Shandong/2020C1240214/2020|EPI_ISL_962572|2020-01-27,NON_GA,"[0.0, 1.0]"
NODE_0000536,NON_GA,"[0.0031196437045802497, 0.9968803562954198]"
hCoV-19/Shandong/2020C1240299/2020|EPI_ISL_962563|2020-02-08,NON_GA,"[0.0, 0.9999999999999999]"
hCoV-19/Shandong/2020C1240512/2020|EPI_ISL_962542|2020-02-14,NON_GA,"[0.0, 0.9999999999999999]"
NODE_0000535,NON_GA,"[0.0018711744951640842, 0.9981288255048358]"
hCoV-19/Shandong/2020C1240764/2020|EPI_ISL_962868|2020-02-15,NON_GA,"[0.0, 0.9999999999999999]"
hCoV-19/Shandong/2020C1240289/2020|EPI_ISL_962567|2020-02-04,NON_GA,"[0.0, 1.0]"
NODE_0000506,NON_GA,"[0.001990921637314803, 0.9980090783626852]"
NODE_0000507,NON_GA,"[8.424698967937344e-05, 0.9999157530103205]"
hCoV-19/Lu_an/33/2020|EPI_ISL_1069198|2020-01-28,NON_GA,"[0.0, 0.9999999999999999]"
hCoV-19/Guangdong/2020XN4243-P0035/2020|EPI_ISL_413853|2020-01-30,NON_GA,"[0.0, 1.0]"
hCoV-19/Shanghai/SH0002/2020|EPI_ISL_416316|2020-01-25,NON_GA,"[0.0, 1.0]"
hCoV-19/France/PAC-SC242/2020|EPI_ISL_641527|2020-03-29,NON_GA,"[0.0, 1.0]"
hCoV-19/USA/CA-UCLA-156/2020|EPI_ISL_537495|2020-03-30,NON_GA,"[0.0, 1.0]"
NODE_0000512,NON_GA,"[6.407787508893417e-05, 0.9999359221249111]"
hCoV-19/Fujian/3520022Y/2020|EPI_ISL_431785|2020-01-23,NON_GA,"[0.0, 0.9999999999999999]"
hCoV-19/Henan/fahzu0012/2020|EPI_ISL_1040036|2020-02-17,NON_GA,"[0.0, 1.0]"
NODE_0000514,NON_GA,"[0.0011197877040712019, 0.9988802122959288]"
hCoV-19/Sichuan/SC-WCH2-006/2020|EPI_ISL_451076|2020-02-08,NON_GA,"[0.0, 1.0]"
hCoV-19/Sichuan/SC-WCH4-293/2020|EPI_ISL_451394|2020-02-03,NON_GA,"[0.0, 1.0]"
NODE_0000515,NON_GA,"[0.00023286058395231713, 0.9997671394160477]"
hCoV-19/Germany/HH-hpi-p1820/2020|EPI_ISL_776176|2020-03-22,NON_GA,"[0.0, 0.9999999999999999]"
hCoV-19/Germany/HH-hpi-p1933/2020|EPI_ISL_776261|2020-03-26,NON_GA,"[0.0, 1.0]"
hCoV-19/Germany/HH-hpi-p1978/2020|EPI_ISL_776298|2020-03-26,NON_GA,"[0.0, 1.0]"
hCoV-19/Germany/HH-hpi-p1905/2020|EPI_ISL_776242|2020-03-24,NON_GA,"[0.0, 1.0]"
hCoV-19/Germany/HH-hpi-p1991/2020|EPI_ISL_776309|2020-03-27,NON_GA,"[0.0, 1.0]"
hCoV-19/Germany/HH-hpi-p2173/2020|EPI_ISL_776403|2020-03-28,NON_GA,"[0.0, 1.0]"
hCoV-19/Germany/HH-hpi-p1836/2020|EPI_ISL_776189|2020-03-22,NON_GA,"[0.0, 0.9999999999999999]"
hCoV-19/Germany/HH-hpi-p1945/2020|EPI_ISL_776272|2020-03-27,NON_GA,"[0.0, 1.0]"
hCoV-19/Germany/HH-hpi-p1948/2020|EPI_ISL_776275|2020-03-27,NON_GA,"[0.0, 1.0]"
hCoV-19/Germany/HH-hpi-p1926/2020|EPI_ISL_776256|2020-03-25,NON_GA,"[0.0, 0.9999999999999999]"
hCoV-19/Germany/HH-hpi-p2186/2020|EPI_ISL_776414|2020-03-21,NON_GA,"[0.0, 1.0]"
hCoV-19/Germany/HH-hpi-p1928/2020|EPI_ISL_776257|2020-03-26,NON_GA,"[0.0, 1.0]"
hCoV-19/Germany/HH-hpi-p2167/2020|EPI_ISL_776397|2020-03-28,NON_GA,"[0.0, 1.0]"
hCoV-19/Germany/HH-hpi-p1914/2020|EPI_ISL_776245|2020-03-25,NON_GA,"[0.0, 0.9999999999999999]"
NODE_0000480,NON_GA,"[0.0005306080048999962, 0.9994693919951001]"
hCoV-19/Germany/BY-BIM-Pat3/2020|EPI_ISL_414521|2020-03-02,NON_GA,"[0.0, 1.0]"
hCoV-19/Guangdong/20SF012/2020|EPI_ISL_403932|2020-01-14,NON_GA,"[0.0, 1.0]"
hCoV-19/Guangdong/20SF4051/2020|EPI_ISL_428463|2020-02-17,NON_GA,"[0.0, 1.0]"
hCoV-19/Shanghai/SH0005/2020|EPI_ISL_416319|2020-01-28,NON_GA,"[0.0, 1.0]"
hCoV-19/Guangdong/20SF025/2020|EPI_ISL_403935|2020-01-15,NON_GA,"[0.0, 1.0]"
hCoV-19/Guangdong/20SF013/2020|EPI_ISL_403933|2020-01-15,NON_GA,"[0.0, 1.0]"
hCoV-19/Shenzhen/SZTH-002/2020|EPI_ISL_406593|2020-01-13,NON_GA,"[0.0, 1.0]"
hCoV-19/Yichun/JX2325/2020|EPI_ISL_455460|2020-02-09,NON_GA,"[0.0, 1.0]"
hCoV-19/Sichuan/SC-PHCC2-040/2020|EPI_ISL_451360|2020-01-24,NON_GA,"[0.0, 1.0]"
hCoV-19/Shenzhen/HKU-SZ-005/2020|EPI_ISL_405839|2020-01-11,NON_GA,"[0.0, 1.0]"
hCoV-19/Henan/fahzu0035/2020|EPI_ISL_1040048|2020-02-28,NON_GA,"[0.0, 1.0]"
NODE_0000490,NON_GA,"[0.005894076686486893, 0.994105923313513]"
hCoV-19/Guangzhou/GZMU0049/2020|EPI_ISL_429094|2020-02-08,NON_GA,"[0.0, 1.0]"
hCoV-19/Wuhan/HB-WH1-129/2020|EPI_ISL_455364|2020-03-02,NON_GA,"[0.0, 1.0]"
NODE_0000500,NON_GA,"[0.0010207449233997446, 0.9989792550766001]"
hCoV-19/Beijing/BJ752/2020|EPI_ISL_430724|2020-02-08,NON_GA,"[0.0, 1.0]"
hCoV-19/Beijing/Wuhan_IME-BJ01/2020|EPI_ISL_424355|2020-01-24,NON_GA,"[0.0, 1.0]"
hCoV-19/Beijing/BJ561/2020|EPI_ISL_430731|2020-02-04,NON_GA,"[0.0, 1.0]"
NODE_0000491,NON_GA,"[0.002800302827115351, 0.9971996971728847]"
hCoV-19/Sichuan/SC-PHCC2-050/2020|EPI_ISL_451370|2020-02-04,NON_GA,"[0.0, 1.0]"
NODE_0000492,NON_GA,"[1.3226862818883794e-05, 0.9999867731371811]"
hCoV-19/Henan/fahzu0002/2020|EPI_ISL_1040031|2020-02-20,NON_GA,"[0.0, 0.9999999999999999]"
hCoV-19/Henan/fahzu0019/2020|EPI_ISL_1040040|2020-02-20,NON_GA,"[0.0, 0.9999999999999999]"
NODE_0000496,NON_GA,"[0.0010897220203485729, 0.9989102779796515]"
hCoV-19/France/ARA-SC342/2020|EPI_ISL_660337|2020-03-14,NON_GA,"[0.0, 1.0]"
hCoV-19/Shanghai/SH0059/2020|EPI_ISL_416366|2020-01-30,NON_GA,"[0.0, 1.0]"
NODE_0000498,NON_GA,"[0.0001264716305278482, 0.9998735283694721]"
hCoV-19/Shandong/2020C1240476/2020|EPI_ISL_962544|2020-01-30,NON_GA,"[0.0, 1.0]"
hCoV-19/Shandong/2020C1240470/2020|EPI_ISL_962545|2020-01-26,NON_GA,"[0.0, 1.0]"
NODE_0000544,NON_GA,"[0.0002825240333455401, 0.9997174759666545]"
hCoV-19/Singapore/174/2020|EPI_ISL_462292|2020-03-17,NON_GA,"[0.0, 0.9999999999999999]"
hCoV-19/Spain/VC-FISABIO-260/2020|EPI_ISL_436355|2020-03-26,NON_GA,"[0.0, 1.0]"
hCoV-19/Spain/VC-FISABIO-107/2020|EPI_ISL_436202|2020-03-18,NON_GA,"[0.0, 1.0]"
hCoV-19/Spain/MD-IBV-005351/2020|EPI_ISL_510228|2020-03-19,NON_GA,"[0.0, 1.0]"
hCoV-19/Spain/NC-IBV-001360/2020|EPI_ISL_452541|2020-03-10,NON_GA,"[0.0, 0.9999999999999999]"
hCoV-19/Spain/MD-IBV-004899/2020|EPI_ISL_481089|2020-03-08,NON_GA,"[0.0, 1.0]"
hCoV-19/Spain/PV-IBV-003228/2020|EPI_ISL_480985|2020-03-14,NON_GA,"[0.0, 0.9999999999999999]"
hCoV-19/Spain/MD-IBV-005361/2020|EPI_ISL_510237|2020-03-22,NON_GA,"[0.0, 1.0]"
hCoV-19/Spain/PV-IBV-003251/2020|EPI_ISL_480966|2020-03-17,NON_GA,"[0.0, 0.9999999999999999]"
hCoV-19/Spain/AN-IBV-001326/2020|EPI_ISL_452547|2020-03-23,NON_GA,"[0.0, 0.9999999999999999]"
hCoV-19/Spain/VC-IBV-98003106/2020|EPI_ISL_538042|2020-03-15,NON_GA,"[0.0, 0.9999999999999999]"
hCoV-19/Spain/PV-IBV-000758/2020|EPI_ISL_452733|2020-03-06,NON_GA,"[0.0, 1.0]"
hCoV-19/Spain/RI-IBV-006008/2020|EPI_ISL_500439|2020-03-26,NON_GA,"[0.0, 1.0]"
hCoV-19/Spain/AN-IBV-001897/2020|EPI_ISL_467071|2020-03-15,NON_GA,"[0.0, 0.9999999999999999]"
hCoV-19/Spain/PV-IBV-000948/2020|EPI_ISL_452625|2020-03-28,NON_GA,"[0.0, 1.0]"
hCoV-19/Spain/PV-IBV-003223/2020|EPI_ISL_480968|2020-03-14,NON_GA,"[0.0, 0.9999999999999999]"
NODE_0000574,NON_GA,"[0.001302039196071635, 0.9986979608039284]"
hCoV-19/Spain/EX-IBV-005020/2020|EPI_ISL_510329|2020-03-13,NON_GA,"[0.0, 0.9999999999999999]"
hCoV-19/Spain/AR-IBV-2455/2020|EPI_ISL_468792|2020-03-23,NON_GA,"[0.0, 0.9999999999999999]"
NODE_0000556,NON_GA,"[0.0026241491826596874, 0.9973758508173403]"
hCoV-19/Spain/IB-IBV-2504/2020|EPI_ISL_468961|2020-03-16,NON_GA,"[0.0, 1.0]"
hCoV-19/Spain/IB-IBV-2553/2020|EPI_ISL_468960|2020-03-25,NON_GA,"[0.0, 1.0]"
NODE_0000561,NON_GA,"[5.014605823560958e-06, 0.9999949853941764]"
hCoV-19/Spain/MD-IBV-004917/2020|EPI_ISL_481060|2020-03-13,NON_GA,"[0.0, 1.0]"
hCoV-19/Spain/CM-ISCIII-201371/2020|EPI_ISL_862641|2020-03-02,NON_GA,"[0.0, 1.0]"
hCoV-19/Spain/CM-ISCIII-201369/2020|EPI_ISL_862642|2020-03-02,NON_GA,"[0.0, 1.0]"
NODE_0000563,NON_GA,"[9.306051601919588e-06, 0.9999906939483981]"
hCoV-19/Spain/GA-IBV-004044/2020|EPI_ISL_510283|2020-03-17,NON_GA,"[0.0, 1.0]"
hCoV-19/Spain/EX-IBV-005016/2020|EPI_ISL_510325|2020-03-12,NON_GA,"[0.0, 1.0]"
hCoV-19/Spain/IB-IBV-h2502/2020|EPI_ISL_468982|2020-03-15,NON_GA,"[0.0, 1.0]"
hCoV-19/Spain/IB-IBV-h2536/2020|EPI_ISL_468954|2020-03-21,NON_GA,"[0.0, 0.9999999999999999]"
hCoV-19/Spain/AR-IBV-2413/2020|EPI_ISL_468845|2020-03-23,NON_GA,"[0.0, 1.0]"
hCoV-19/Spain/AR-IBV-2397/2020|EPI_ISL_468834|2020-03-17,NON_GA,"[0.0, 1.0]"
hCoV-19/Spain/AR-IBV-2389/2020|EPI_ISL_468822|2020-03-27,NON_GA,"[0.0, 1.0]"
NODE_0000569,NON_GA,"[0.00023097802742303637, 0.9997690219725771]"
hCoV-19/Spain/PV-IBV-000881/2020|EPI_ISL_452678|2020-03-25,NON_GA,"[0.0, 1.0]"
hCoV-19/Spain/PV-IBV-003226/2020|EPI_ISL_480956|2020-03-15,NON_GA,"[0.0, 1.0]"
hCoV-19/Spain/PV-IBV-000922/2020|EPI_ISL_452649|2020-03-27,NON_GA,"[0.0, 0.9999999999999999]"
NODE_0000415,NON_GA,"[0.0067655406034778836, 0.9932344593965222]"
hCoV-19/USA/NY-NYCPHL-000615/2020|EPI_ISL_632072|2020-03-11,NON_GA,"[0.0, 1.0]"
NODE_0000416,NON_GA,"[0.0010129325318109436, 0.9989870674681891]"
hCoV-19/Spain/AN-IBV-002852/2020|EPI_ISL_474842|2020-03-13,NON_GA,"[0.0, 1.0]"
hCoV-19/Spain/AN-IBV-001950/2020|EPI_ISL_452429|2020-03-13,NON_GA,"[0.0, 1.0]"
hCoV-19/Spain/PV-IBV-000842/2020|EPI_ISL_452704|2020-03-11,NON_GA,"[0.0, 1.0]"
hCoV-19/Panama/GMI-PA352445/2020|EPI_ISL_1225382|2020-02-04,NON_GA,"[0.0, 1.0]"
hCoV-19/Spain/PV-IBV-001616/2020|EPI_ISL_467168|2020-03-18,NON_GA,"[0.0, 1.0]"
hCoV-19/Spain/VC-FISABIO-116/2020|EPI_ISL_436211|2020-03-12,NON_GA,"[0.0, 1.0]"
hCoV-19/Spain/RI-IBV-99005863/2020|EPI_ISL_537406|2020-03-03,NON_GA,"[0.0, 0.9999999999999999]"
hCoV-19/Spain/PV-IBV-000766/2020|EPI_ISL_452730|2020-03-07,NON_GA,"[0.0, 1.0]"
hCoV-19/Spain/MD-H12-LP20-2327/2020|EPI_ISL_428677|2020-03-11,NON_GA,"[0.0, 1.0]"
hCoV-19/Spain/PV-IBV-001533/2020|EPI_ISL_467099|2020-03-16,NON_GA,"[0.0, 1.0]"
hCoV-19/Spain/PV-IBV-000692/2020|EPI_ISL_452772|2020-02-29,NON_GA,"[0.0, 0.9999999999999999]"
hCoV-19/Spain/PV-IBV-001450/2020|EPI_ISL_467137|2020-03-18,NON_GA,"[0.0, 1.0]"
hCoV-19/Spain/RI-ISCIII-201277/2020|EPI_ISL_455336|2020-02-29,NON_GA,"[0.0, 0.9999999999999999]"
hCoV-19/Spain/PV-IBV-000860/2020|EPI_ISL_452692|2020-02-29,NON_GA,"[0.0, 0.9999999999999999]"
hCoV-19/Spain/AN-IBV-006115/2020|EPI_ISL_510444|2020-03-15,NON_GA,"[0.0, 1.0]"
hCoV-19/Spain/VC-FISABIO-59/2020|EPI_ISL_425183|2020-03-10,NON_GA,"[0.0, 1.0]"
hCoV-19/Spain/RI-IBV-99010923/2020|EPI_ISL_732762|2020-03-10,NON_GA,"[0.0, 1.0]"
hCoV-19/Spain/PV-IBV-001435/2020|EPI_ISL_467143|2020-03-18,NON_GA,"[0.0, 1.0]"
hCoV-19/Spain/VC-FISABIO-125/2020|EPI_ISL_436220|2020-03-14,NON_GA,"[0.0, 0.9999999999999999]"
hCoV-19/Spain/PV-IBV-001514/2020|EPI_ISL_467093|2020-03-19,NON_GA,"[0.0, 0.9999999999999999]"
hCoV-19/Spain/VC-FISABIO-30/2020|EPI_ISL_420115|2020-03-09,NON_GA,"[0.0, 1.0]"
hCoV-19/Spain/PV-IBV-000853/2020|EPI_ISL_452698|2020-03-11,NON_GA,"[0.0, 1.0]"
hCoV-19/Spain/PV-IBV-000699/2020|EPI_ISL_452765|2020-03-08,NON_GA,"[0.0, 0.9999999999999999]"
hCoV-19/Spain/PV-IBV-000748/2020|EPI_ISL_452740|2020-03-07,NON_GA,"[0.0, 1.0]"
hCoV-19/Spain/GA-ISCIII-201796/2020|EPI_ISL_455330|2020-03-09,NON_GA,"[0.0, 1.0]"
hCoV-19/Spain/PV-IBV-000689/2020|EPI_ISL_452775|2020-03-06,NON_GA,"[0.0, 0.9999999999999999]"
hCoV-19/Spain/PV-IBV-000778/2020|EPI_ISL_452727|2020-03-09,NON_GA,"[0.0, 1.0]"
hCoV-19/Spain/PV-IBV-001553/2020|EPI_ISL_467114|2020-03-12,NON_GA,"[0.0, 1.0]"
hCoV-19/Spain/VC-FISABIO-93/2020|EPI_ISL_425217|2020-03-17,NON_GA,"[0.0, 1.0]"
hCoV-19/Spain/PV-IBV-001594/2020|EPI_ISL_467142|2020-03-13,NON_GA,"[0.0, 1.0]"
hCoV-19/Spain/PV-IBV-001604/2020|EPI_ISL_467175|2020-03-13,NON_GA,"[0.0, 1.0]"
hCoV-19/Spain/PV-IBV-001547/2020|EPI_ISL_467110|2020-03-16,NON_GA,"[0.0, 1.0]"
hCoV-19/Spain/VC-FISABIO-31/2020|EPI_ISL_420116|2020-03-09,NON_GA,"[0.0, 1.0]"
hCoV-19/Spain/VC-FISABIO-89/2020|EPI_ISL_425213|2020-03-11,NON_GA,"[0.0, 1.0]"
hCoV-19/Spain/PV-IBV-001522/2020|EPI_ISL_467106|2020-03-17,NON_GA,"[0.0, 1.0]"
hCoV-19/Spain/PV-IBV-001583/2020|EPI_ISL_467104|2020-03-14,NON_GA,"[0.0, 0.9999999999999999]"
hCoV-19/Spain/PV-IBV-001464/2020|EPI_ISL_467092|2020-03-17,NON_GA,"[0.0, 1.0]"
hCoV-19/Spain/VC-FISABIO-55/2020|EPI_ISL_425179|2020-03-10,NON_GA,"[0.0, 1.0]"
hCoV-19/Spain/RI-IBV-99005860/2020|EPI_ISL_537403|2020-03-03,NON_GA,"[0.0, 0.9999999999999999]"
hCoV-19/Spain/PV-IBV-001606/2020|EPI_ISL_467165|2020-03-12,NON_GA,"[0.0, 1.0]"
hCoV-19/Spain/PV-IBV-001544/2020|EPI_ISL_467182|2020-03-16,NON_GA,"[0.0, 1.0]"
hCoV-19/Spain/PV-IBV-001587/2020|EPI_ISL_467103|2020-03-12,NON_GA,"[0.0, 1.0]"
hCoV-19/Spain/PV-IBV-000736/2020|EPI_ISL_452744|2020-03-07,NON_GA,"[0.0, 1.0]"
hCoV-19/Spain/PV-IBV-001539/2020|EPI_ISL_467174|2020-03-16,NON_GA,"[0.0, 1.0]"
hCoV-19/Spain/RI-IBV-h2285/2020|EPI_ISL_468764|2020-03-01,NON_GA,"[0.0, 0.9999999999999999]"
hCoV-19/Spain/PV-IBV-000690/2020|EPI_ISL_452774|2020-03-06,NON_GA,"[0.0, 0.9999999999999999]"
hCoV-19/Spain/RI-IBV-99005844/2020|EPI_ISL_537387|2020-03-12,NON_GA,"[0.0, 1.0]"
hCoV-19/Spain/PV-ISCIII-201607/2020|EPI_ISL_419240|2020-03-03,NON_GA,"[0.0, 0.9999999999999999]"
hCoV-19/Spain/PV-IBV-001598/2020|EPI_ISL_467160|2020-03-13,NON_GA,"[0.0, 1.0]"
hCoV-19/Spain/AN-IBV-001987/2020|EPI_ISL_509623|2020-03-15,NON_GA,"[0.0, 1.0]"
hCoV-19/Spain/VC-FISABIO-19/2020|EPI_ISL_419683|2020-03-08,NON_GA,"[0.0, 0.9999999999999999]"
hCoV-19/Spain/RI-IBV-h2286/2020|EPI_ISL_468763|2020-03-02,NON_GA,"[0.0, 1.0]"
hCoV-19/Spain/PV-IBV-000714/2020|EPI_ISL_452754|2020-03-05,NON_GA,"[0.0, 1.0]"
hCoV-19/Spain/AN-IBV-002841/2020|EPI_ISL_474923|2020-03-09,NON_GA,"[0.0, 1.0]"
NODE_0000440,NON_GA,"[0.007276046057862541, 0.9927239539421375]"
hCoV-19/Spain/AS-IBV-98006589/2020|EPI_ISL_654637|2020-03-11,NON_GA,"[0.0, 1.0]"
hCoV-19/Spain/PV-IBV-003249/2020|EPI_ISL_480987|2020-03-16,NON_GA,"[0.0, 1.0]"
NODE_0000436,NON_GA,"[0.003300707276785517, 0.9966992927232143]"
hCoV-19/Uruguay/UY-NYUMC850/2020|EPI_ISL_457946|2020-03-17,NON_GA,"[0.0, 1.0]"
hCoV-19/Spain/CL-ISCIII-205362/2020|EPI_ISL_862637|2020-03-21,NON_GA,"[0.0, 1.0]"
NODE_0000443,NON_GA,"[0.006443676559349981, 0.99355632344065]"
hCoV-19/Spain/AN-IBV-001944/2020|EPI_ISL_452434|2020-03-12,NON_GA,"[0.0, 1.0]"
hCoV-19/Spain/AN-IBV-002055/2020|EPI_ISL_452374|2020-03-15,NON_GA,"[0.0, 1.0]"
hCoV-19/Spain/AN-IBV-002038/2020|EPI_ISL_452387|2020-03-17,NON_GA,"[0.0, 1.0]"
NODE_0000434,NON_GA,"[0.008909457334786432, 0.9910905426652136]"
hCoV-19/Australia/NSW2262/2020|EPI_ISL_500698|2020-03-22,NON_GA,"[0.0, 0.9999999999999999]"
NODE_0000435,NON_GA,"[0.006355961627762858, 0.9936440383722372]"
hCoV-19/USA/CA-CZB-1588/2020|EPI_ISL_468518|2020-03-24,NON_GA,"[0.0, 1.0]"
hCoV-19/Australia/WA46/2020|EPI_ISL_470863|2020-03-27,NON_GA,"[0.0, 1.0]"
NODE_0000284,NON_GA,"[0.0015806449210639352, 0.998419355078936]"
hCoV-19/Wuhan/HB-WH6-246/2020|EPI_ISL_454983|2020-03-12,NON_GA,"[0.0, 1.0]"
NODE_0000285,NON_GA,"[0.002329824652931219, 0.9976701753470687]"
hCoV-19/Sichuan/IVDC-SC-001/2020|EPI_ISL_408484|2020-01-15,NON_GA,"[0.0, 1.0]"
hCoV-19/Shanghai/SH0032/2020|EPI_ISL_416341|2020-02-01,NON_GA,"[0.0, 1.0]"
hCoV-19/Shanghai/SH0029/2020|EPI_ISL_416338|2020-02-01,NON_GA,"[0.0, 1.0]"
hCoV-19/Guangdong/20SF115/2020|EPI_ISL_428443|2020-01-21,NON_GA,"[0.0, 1.0]"
hCoV-19/Shanghai/SH0128/2020|EPI_ISL_416409|2020-02-02,NON_GA,"[0.0, 1.0]"
NODE_0000289,NON_GA,"[0.03515008199311335, 0.9648499180068867]"
hCoV-19/Wuhan/HB-WH5-231/2020|EPI_ISL_454974|2020-02-17,NON_GA,"[0.0, 1.0]"
NODE_0000412,NON_GA,"[0.008641519200099432, 0.9913584807999006]"
hCoV-19/South_Korea/KCDC2014/2020|EPI_ISL_426187|2020-02-12,NON_GA,"[0.0, 1.0]"
hCoV-19/South_Korea/KCDC2047/2020|EPI_ISL_471453|2020-02-20,NON_GA,"[0.0, 1.0]"
hCoV-19/South_Korea/KCDC2012/2020|EPI_ISL_426182|2020-02-09,NON_GA,"[0.0, 1.0]"
NODE_0000291,GA,"[0.7585261495606949, 0.24147385043930525]"
hCoV-19/USA/SC-DHEC-0003/2020|EPI_ISL_491098|2020-03-07,NON_GA,"[0.0, 1.0]"
NODE_0000292,GA,"[1.0, 9.769903033381116e-36]"
|GA-EHC-038L,GA,"[1.0, 0.0]"
|GA-EHC-108D,GA,"[0.9999999999999999, 0.0]"
|GA-EHC-035I,GA,"[0.9999999999999999, 0.0]"
hCoV-19/USA/GA-QDX-2158/2020|EPI_ISL_604451|2020-03-14,GA,"[0.9999999999999999, 0.0]"
hCoV-19/USA/IL-NM097/2020|EPI_ISL_444585|2020-03-15,NON_GA,"[0.0, 1.0]"
|GA-EHC-042P,GA,"[1.0, 0.0]"
hCoV-19/USA/GA-CDC-8427/2020|EPI_ISL_594456|2020-03-06,GA,"[0.9999999999999999, 0.0]"
hCoV-19/USA/GA_2118/2020|EPI_ISL_424861|2020-03-08,GA,"[1.0, 0.0]"
hCoV-19/USA/SC_3571/2020|EPI_ISL_424904|2020-03-07,NON_GA,"[0.0, 1.0]"
hCoV-19/USA/GA-QDX-2259/2020|EPI_ISL_604531|2020-03-13,GA,"[1.0, 0.0]"
|GA-EHC-060H,GA,"[0.9999999999999999, 0.0]"
hCoV-19/USA/GA_1445/2020|EPI_ISL_420788|2020-03-04,GA,"[1.0, 0.0]"
|GA-EHC-018R,GA,"[0.9999999999999999, 0.0]"
hCoV-19/USA/GA_2343/2020|EPI_ISL_424864|2020-03-10,GA,"[1.0, 0.0]"
hCoV-19/USA/GA_1847/2020|EPI_ISL_424859|2020-03-05,GA,"[1.0, 0.0]"
hCoV-19/USA/MN-QDX-1386/2020|EPI_ISL_572175|2020-03-16,NON_GA,"[0.0, 1.0]"
|GA-EHC-037K,GA,"[0.9999999999999999, 0.0]"
hCoV-19/USA/SC_3569/2020|EPI_ISL_424841|2020-03-06,NON_GA,"[0.0, 0.9999999999999999]"
hCoV-19/USA/GA-QDX-2443/2020|EPI_ISL_604778|2020-03-13,GA,"[1.0, 0.0]"
hCoV-19/USA/GA-QDX-2461/2020|EPI_ISL_604779|2020-03-14,GA,"[0.9999999999999999, 0.0]"
hCoV-19/USA/GA_2070/2020|EPI_ISL_426417|2020-03-07,GA,"[1.0, 0.0]"
hCoV-19/USA/GA_1320/2020|EPI_ISL_420786|2020-03-03,GA,"[1.0, 0.0]"
hCoV-19/USA/TX-QDX-2025/2020|EPI_ISL_604376|2020-03-17,NON_GA,"[0.0, 1.0]"
hCoV-19/USA/FL-QDX-785/2020|EPI_ISL_571520|2020-03-21,NON_GA,"[0.0, 1.0]"
hCoV-19/USA/GA-QDX-2553/2020|EPI_ISL_604781|2020-03-14,GA,"[0.9999999999999999, 0.0]"
hCoV-19/USA/DE-DHSS-F918613/2020|EPI_ISL_574599|2020-03-20,NON_GA,"[0.0, 1.0]"
hCoV-19/USA/GA-QDX-2150/2020|EPI_ISL_604450|2020-03-14,GA,"[0.9999999999999999, 0.0]"
hCoV-19/USA/SC-DHEC-0031/2020|EPI_ISL_529173|2020-03-20,NON_GA,"[0.0, 1.0]"
NODE_0000404,GA,"[0.9984379907938801, 0.0015620092061198866]"
hCoV-19/USA/GA-QDX-579/2020|EPI_ISL_571290|2020-03-16,GA,"[1.0, 0.0]"
|GA-EHC-113J,GA,"[1.0, 0.0]"
NODE_0000405,GA,"[0.9982155220685677, 0.0017844779314323742]"
|GA-EHC-040N,GA,"[1.0, 0.0]"
|GA-EHC-111G,GA,"[1.0, 0.0]"
NODE_0000390,GA,"[0.9998713469839331, 0.0001286530160668592]"
hCoV-19/USA/GA-QDX-2196/2020|EPI_ISL_604527|2020-03-13,GA,"[1.0, 0.0]"
hCoV-19/USA/GA-CDC-2059/2020|EPI_ISL_452125|2020-03-07,GA,"[1.0, 0.0]"
NODE_0000388,GA,"[0.6383126325524779, 0.3616873674475221]"
hCoV-19/USA/GA-QDX-53/2020|EPI_ISL_467849|2020-03-13,GA,"[1.0, 0.0]"
hCoV-19/USA/SC_3575/2020|EPI_ISL_424842|2020-03-07,NON_GA,"[0.0, 1.0]"
NODE_0000393,GA,"[0.9999991310227835, 8.68977216483e-07]"
hCoV-19/USA/MI-QDX-888/2020|EPI_ISL_571609|2020-03-18,NON_GA,"[0.0, 1.0]"
hCoV-19/USA/MI-MDHHS-SC21136/2020|EPI_ISL_507912|2020-03-30,NON_GA,"[0.0, 1.0]"
hCoV-19/USA/GA-QDX-2115/2020|EPI_ISL_604449|2020-03-14,GA,"[1.0, 0.0]"
hCoV-19/USA/MI-MDHHS-SC20242/2020|EPI_ISL_447212|2020-03-23,NON_GA,"[0.0, 1.0]"
hCoV-19/USA/MI-MDHHS-SC20181/2020|EPI_ISL_436865|2020-03-25,NON_GA,"[0.0, 1.0]"
hCoV-19/USA/MI-MDHHS-SC21094/2020|EPI_ISL_507870|2020-03-26,NON_GA,"[0.0, 1.0]"
hCoV-19/USA/MI-QDX-309/2020|EPI_ISL_571053|2020-03-21,NON_GA,"[0.0, 1.0]"
hCoV-19/USA/GA-QDX-2442/2020|EPI_ISL_604777|2020-03-13,GA,"[1.0, 0.0]"
hCoV-19/USA/MI-UM-2006S000881/2020|EPI_ISL_484731|2020-03-28,NON_GA,"[0.0, 1.0]"
hCoV-19/USA/WI-UW-235/2020|EPI_ISL_428331|2020-03-28,NON_GA,"[0.0, 1.0]"
|GA-EHC-097S,GA,"[1.0, 0.0]"
NODE_0000358,GA,"[0.9999999999999999, 1.313474625400468e-25]"
|GA-EHC-022V,GA,"[1.0, 0.0]"
hCoV-19/USA/GA-QDX-594/2020|EPI_ISL_571295|2020-03-18,GA,"[1.0, 0.0]"
hCoV-19/USA/IL-NM0113/2020|EPI_ISL_444597|2020-03-19,NON_GA,"[0.0, 1.0]"
hCoV-19/USA/GA-QDX-578/2020|EPI_ISL_571289|2020-03-17,GA,"[1.0, 0.0]"
hCoV-19/USA/UT-QDX-1466/2020|EPI_ISL_603851|2020-03-15,NON_GA,"[0.0, 1.0]"
hCoV-19/USA/GA-QDX-2425/2020|EPI_ISL_604697|2020-03-16,GA,"[1.0, 0.0]"
hCoV-19/USA/PA-MGEL107/2020|EPI_ISL_454384|2020-03-31,NON_GA,"[0.0, 1.0]"
hCoV-19/USA/GA-QDX-2420/2020|EPI_ISL_604695|2020-03-16,GA,"[1.0, 0.0]"
hCoV-19/USA/GA-QDX-582/2020|EPI_ISL_571293|2020-03-17,GA,"[1.0, 0.0]"
hCoV-19/USA/MA-MGH-00563/2020|EPI_ISL_460186|2020-03-22,NON_GA,"[0.0, 1.0]"
hCoV-19/USA/NY-WCMP11A03P/2020|EPI_ISL_427583|2020-03-16,NON_GA,"[0.0, 1.0]"
|GA-EHC-009I,GA,"[1.0, 0.0]"
hCoV-19/USA/CA-QDX-2022/2020|EPI_ISL_604310|2020-03-19,NON_GA,"[0.0, 1.0]"
hCoV-19/USA/AZ-QDX-1568/2020|EPI_ISL_603872|2020-03-17,NON_GA,"[0.0, 1.0]"
hCoV-19/USA/FL-BPHL-0595/2020|EPI_ISL_508799|2020-03-24,NON_GA,"[0.0, 0.9999999999999999]"
|GA-EHC-043Q,GA,"[0.9999999999999999, 0.0]"
hCoV-19/USA/GA-QDX-1742/2020|EPI_ISL_604025|2020-03-16,GA,"[1.0, 0.0]"
|GA-EHC-044R,GA,"[0.9999999999999999, 0.0]"
|GA-EHC-054B,GA,"[0.9999999999999999, 0.0]"
hCoV-19/USA/GA-QDX-2571/2020|EPI_ISL_604931|2020-03-14,GA,"[0.9999999999999999, 0.0]"
NODE_0000385,GA,"[0.9999994354968309, 5.645031689276202e-07]"
|GA-EHC-023W,GA,"[1.0, 0.0]"
|GA-EHC-052Z,GA,"[1.0, 0.0]"
NODE_0000366,NON_GA,"[0.030382883208728173, 0.9696171167912718]"
hCoV-19/USA/TX-HMH0156/2020|EPI_ISL_434855|2020-03-23,NON_GA,"[0.0, 0.9999999999999999]"
hCoV-19/USA/TX-HMH0394/2020|EPI_ISL_434981|2020-03-31,NON_GA,"[0.0, 0.9999999999999999]"
hCoV-19/USA/TX-HMH0192/2020|EPI_ISL_434867|2020-03-23,NON_GA,"[0.0, 0.9999999999999999]"
hCoV-19/USA/TX-HMH0322/2020|EPI_ISL_434934|2020-03-28,NON_GA,"[0.0, 1.0]"
hCoV-19/USA/TX-HMH096/2020|EPI_ISL_434801|2020-03-19,NON_GA,"[0.0, 1.0]"
hCoV-19/USA/MD-HP00076/2020|EPI_ISL_438234|2020-03-11,NON_GA,"[0.0, 0.9999999999999999]"
hCoV-19/USA/MD-HP00120/2020|EPI_ISL_457813|2020-03-19,NON_GA,"[0.0, 1.0]"
NODE_0000313,GA,"[0.9999999999999878, 1.214844488458394e-14]"
hCoV-19/USA/GA-UW-MAYO63/2020|EPI_ISL_501074|2020-03-20,GA,"[0.9999999999999999, 0.0]"
hCoV-19/USA/MI-QDX-1757/2020|EPI_ISL_604053|2020-03-18,NON_GA,"[0.0, 1.0]"
|GA-EHC-048V,GA,"[1.0, 0.0]"
|GA-EHC-051Y,GA,"[1.0, 0.0]"
hCoV-19/USA/GA-UW-MAYO64/2020|EPI_ISL_500515|2020-03-22,GA,"[1.0, 0.0]"
NODE_0000356,GA,"[0.9998385164385748, 0.0001614835614250295]"
hCoV-19/USA/GA-QDX-1771/2020|EPI_ISL_604027|2020-03-16,GA,"[1.0, 0.0]"
hCoV-19/USA/GA-QDX-2219/2020|EPI_ISL_604529|2020-03-15,GA,"[1.0, 0.0]"
NODE_0000354,GA,"[0.9997126304771878, 0.00028736952281216855]"
|GA-EHC-033G,GA,"[1.0, 0.0]"
NODE_0000355,GA,"[0.9999980171000232, 1.9828999766714244e-06]"
hCoV-19/USA/GA-QDX-1717/2020|EPI_ISL_604024|2020-03-16,GA,"[1.0, 0.0]"
hCoV-19/USA/GA-QDX-2367/2020|EPI_ISL_604692|2020-03-16,GA,"[1.0, 0.0]"
NODE_0000349,GA,"[0.9998580625651974, 0.00014193743480254108]"
|GA-EHC-086H,GA,"[1.0, 0.0]"
NODE_0000350,GA,"[0.9999897229123056, 1.0277087694409899e-05]"
|GA-EHC-080B,GA,"[1.0, 0.0]"
|GA-EHC-032F,GA,"[1.0, 0.0]"
NODE_0000332,GA,"[0.9998505114406863, 0.00014948855931360013]"
hCoV-19/USA/GA-QDX-2388/2020|EPI_ISL_604694|2020-03-16,GA,"[1.0, 0.0]"
hCoV-19/USA/CA-QDX-2012/2020|EPI_ISL_604306|2020-03-18,NON_GA,"[0.0, 1.0]"
NODE_0000334,GA,"[0.9999970921343684, 2.9078656316234214e-06]"
hCoV-19/USA/MN-MDH-1420/2020|EPI_ISL_514639|2020-03-19,NON_GA,"[0.0, 1.0]"
|GA-EHC-117N,GA,"[0.9999999999999999, 0.0]"
hCoV-19/USA/GA-UW-MAYO61/2020|EPI_ISL_500513|2020-03-17,GA,"[1.0, 0.0]"
hCoV-19/USA/GA-QDX-597/2020|EPI_ISL_571296|2020-03-17,GA,"[1.0, 0.0]"
NODE_0000338,NON_GA,"[0.004085222043041349, 0.9959147779569587]"
hCoV-19/Australia/SAP216/2020|EPI_ISL_468000|2020-03-15,NON_GA,"[0.0, 0.9999999999999999]"
hCoV-19/USA/CA-QDX-2586/2020|EPI_ISL_604881|2020-03-16,NON_GA,"[0.0, 1.0]"
hCoV-19/USA/FL-BPHL-0682/2020|EPI_ISL_509740|2020-03-26,NON_GA,"[0.0, 0.9999999999999999]"
hCoV-19/USA/FL-QDX-2510/2020|EPI_ISL_604775|2020-03-17,NON_GA,"[0.0, 1.0]"
hCoV-19/USA/NJ-QDX-2250/2020|EPI_ISL_604557|2020-03-14,NON_GA,"[0.0, 1.0]"
hCoV-19/USA/MN-MDH-1436/2020|EPI_ISL_514655|2020-03-31,NON_GA,"[0.0, 0.9999999999999999]"
hCoV-19/USA/CA-QDX-1520/2020|EPI_ISL_603773|2020-03-17,NON_GA,"[0.0, 1.0]"
hCoV-19/USA/NY-NYCPHL-000738/2020|EPI_ISL_632119|2020-03-18,NON_GA,"[0.0, 1.0]"
|GA-EHC-030D,GA,"[1.0, 0.0]"
hCoV-19/USA/MA-QDX-1456/2020|EPI_ISL_603823|2020-03-16,NON_GA,"[0.0, 1.0]"
hCoV-19/USA/IN-CDC-2013/2020|EPI_ISL_452131|2020-03-09,NON_GA,"[0.0, 1.0]"
hCoV-19/USA/MN-QDX-1007/2020|EPI_ISL_571733|2020-03-16,NON_GA,"[0.0, 1.0]"
NODE_0000319,GA,"[1.0, 2.6166072803667117e-20]"
hCoV-19/USA/GA-QDX-116/2020|EPI_ISL_467846|2020-03-13,GA,"[1.0, 0.0]"
hCoV-19/USA/GA-QDX-1938/2020|EPI_ISL_604222|2020-03-13,GA,"[1.0, 0.0]"
|GA-EHC-053A,GA,"[1.0, 0.0]"
hCoV-19/USA/GA-QDX-122/2020|EPI_ISL_467847|2020-03-13,GA,"[1.0, 0.0]"
hCoV-19/USA/MN-MDH-1428/2020|EPI_ISL_514647|2020-03-25,NON_GA,"[0.0, 1.0]"
hCoV-19/USA/GA-QDX-152/2020|EPI_ISL_467848|2020-03-13,GA,"[1.0, 0.0]"
hCoV-19/USA/CA-QDX-797/2020|EPI_ISL_571491|2020-03-22,NON_GA,"[0.0, 1.0]"
hCoV-19/USA/GA-QDX-115/2020|EPI_ISL_467845|2020-03-13,GA,"[1.0, 0.0]"
hCoV-19/USA/WI-WSLH-200048/2020|EPI_ISL_471213|2020-03-22,NON_GA,"[0.0, 1.0]"
|GA-EHC-047U,GA,"[1.0, 0.0]"
hCoV-19/USA/GA-QDX-577/2020|EPI_ISL_571288|2020-03-18,GA,"[0.9999999999999999, 0.0]"
hCoV-19/USA/GA-QDX-580/2020|EPI_ISL_571291|2020-03-18,GA,"[0.9999999999999999, 0.0]"
NODE_0000330,NON_GA,"[0.033602011510859064, 0.9663979884891409]"
hCoV-19/USA/WA-UW301/2020|EPI_ISL_418869|2020-03-16,NON_GA,"[0.0, 1.0]"
hCoV-19/USA/IL-NM-0675/2020|EPI_ISL_626467|2020-03-27,NON_GA,"[0.0, 0.9999999999999999]"
NODE_0000123,NON_GA,"[0.0018212587561639165, 0.9981787412438361]"
hCoV-19/Shandong/2020C1240229/2020|EPI_ISL_962571|2020-02-01,NON_GA,"[0.0, 0.9999999999999999]"
hCoV-19/Shanghai/CH-03/2020|EPI_ISL_468726|2020-01-23,NON_GA,"[0.0, 1.0]"
hCoV-19/Guangdong/20SF118/2020|EPI_ISL_428448|2020-01-21,NON_GA,"[0.0, 1.0]"
hCoV-19/Zhejiang/CN4/2020|EPI_ISL_455687|2020-01-26,NON_GA,"[0.0, 1.0]"
hCoV-19/Ireland/KE-NVRL-20G27987/2020|EPI_ISL_671375|2020-03-20,NON_GA,"[0.0, 1.0]"
hCoV-19/Fujian/8/2020|EPI_ISL_411060|2020-01-21,NON_GA,"[0.0, 1.0]"
hCoV-19/Wuhan/0126-C13/2020|EPI_ISL_493171|2020-01-26,NON_GA,"[0.0, 1.0]"
hCoV-19/Malaysia/MKAK-CL-2020-6430/2020|EPI_ISL_416886|2020-02-04,NON_GA,"[0.0, 1.0]"
NODE_0000272,NON_GA,"[0.0005214453911290626, 0.999478554608871]"
hCoV-19/Guangdong/GD2020234-P0023/2020|EPI_ISL_413855|2020-02-07,NON_GA,"[0.0, 0.9999999999999999]"
hCoV-19/Guangdong/GD2020086-P0021/2020|EPI_ISL_413862|2020-02-01,NON_GA,"[0.0, 1.0]"
NODE_0000129,NON_GA,"[0.009501009918446615, 0.9904989900815534]"
NODE_0000268,NON_GA,"[0.0047379149834967695, 0.9952620850165032]"
hCoV-19/USA/MI-MDHHS-SC20161/2020|EPI_ISL_436823|2020-03-18,NON_GA,"[0.0, 1.0]"
hCoV-19/USA/MN-MDH-1628/2020|EPI_ISL_530224|2020-03-29,NON_GA,"[0.0, 1.0]"
NODE_0000130,NON_GA,"[2.3012445255219733e-08, 0.9999999769875548]"
hCoV-19/USA/WA-UW-3515/2020|EPI_ISL_491030|2020-03-26,NON_GA,"[0.0, 1.0]"
hCoV-19/USA/IL_0089/2020|EPI_ISL_424851|2020-03-07,NON_GA,"[0.0, 1.0]"
hCoV-19/USA/WA-UW52/2020|EPI_ISL_415617|2020-03-09,NON_GA,"[0.0, 1.0]"
hCoV-19/USA/WA-S354/2020|EPI_ISL_434114|2020-03-25,NON_GA,"[0.0, 1.0]"
hCoV-19/USA/WA-S277/2020|EPI_ISL_430131|2020-02-22,NON_GA,"[0.0, 1.0]"
hCoV-19/USA/WA-NH7/2020|EPI_ISL_418776|2020-03-13,NON_GA,"[0.0, 1.0]"
hCoV-19/USA/WA-S356/2020|EPI_ISL_434116|2020-03-25,NON_GA,"[0.0, 1.0]"
hCoV-19/USA/WA-S122/2020|EPI_ISL_417175|2020-03-02,NON_GA,"[0.0, 1.0]"
hCoV-19/USA/WA-S98/2020|EPI_ISL_417151|2020-02-29,NON_GA,"[0.0, 0.9999999999999999]"
hCoV-19/USA/NC-CDC-6999/2020|EPI_ISL_452124|2020-03-03,NON_GA,"[0.0, 1.0]"
hCoV-19/USA/CA-QDX-1510/2020|EPI_ISL_603764|2020-03-17,NON_GA,"[0.0, 0.9999999999999999]"
hCoV-19/USA/WA-S6/2020|EPI_ISL_416461|2020-02-29,NON_GA,"[0.0, 0.9999999999999999]"
hCoV-19/USA/WA-NH22/2020|EPI_ISL_418789|2020-03-13,NON_GA,"[0.0, 1.0]"
hCoV-19/USA/NC_6999/2020|EPI_ISL_424871|2020-03-06,NON_GA,"[0.0, 0.9999999999999999]"
hCoV-19/USA/WA-S288/2020|EPI_ISL_430142|2020-03-06,NON_GA,"[0.0, 0.9999999999999999]"
hCoV-19/USA/WA-S100/2020|EPI_ISL_417153|2020-02-29,NON_GA,"[0.0, 0.9999999999999999]"
hCoV-19/USA/WA-UW121/2020|EPI_ISL_416659|2020-03-11,NON_GA,"[0.0, 0.9999999999999999]"
hCoV-19/USA/WA-S492/2020|EPI_ISL_434252|2020-03-26,NON_GA,"[0.0, 1.0]"
hCoV-19/USA/WI-UW-167/2020|EPI_ISL_428263|2020-03-18,NON_GA,"[0.0, 0.9999999999999999]"
hCoV-19/USA/CA-CZB0103/2020|EPI_ISL_429000|2020-03-28,NON_GA,"[0.0, 1.0]"
hCoV-19/USA/UT-QDX-2476/2020|EPI_ISL_604848|2020-03-13,NON_GA,"[0.0, 1.0]"
hCoV-19/USA/CA-SR0460/2020|EPI_ISL_467982|2020-03-08,NON_GA,"[0.0, 1.0]"
hCoV-19/USA/CA-CZB0737/2020|EPI_ISL_429025|2020-03-31,NON_GA,"[0.0, 1.0]"
hCoV-19/USA/WA-S358/2020|EPI_ISL_434118|2020-03-25,NON_GA,"[0.0, 1.0]"
hCoV-19/USA/WA-S3/2020|EPI_ISL_413560|2020-02-28,NON_GA,"[0.0, 1.0]"
hCoV-19/USA/VA-DCLS-0019/2020|EPI_ISL_420029|2020-03-11,NON_GA,"[0.0, 0.9999999999999999]"
hCoV-19/USA/WA-S280/2020|EPI_ISL_430134|2020-03-09,NON_GA,"[0.0, 1.0]"
hCoV-19/USA/WA-UW-3413/2020|EPI_ISL_491022|2020-03-26,NON_GA,"[0.0, 1.0]"
hCoV-19/USA/CA-QDX-2700/2020|EPI_ISL_605003|2020-03-16,NON_GA,"[0.0, 1.0]"
hCoV-19/USA/MN-MDH-84/2020|EPI_ISL_460068|2020-03-15,NON_GA,"[0.0, 1.0]"
hCoV-19/USA/WA-S142/2020|EPI_ISL_430179|2020-03-13,NON_GA,"[0.0, 1.0]"
hCoV-19/USA/CA-QDX-1536/2020|EPI_ISL_603784|2020-03-17,NON_GA,"[0.0, 0.9999999999999999]"
hCoV-19/USA/CA-QDX-1907/2020|EPI_ISL_604197|2020-03-16,NON_GA,"[0.0, 1.0]"
hCoV-19/USA/CA-CZB079/2020|EPI_ISL_429005|2020-03-28,NON_GA,"[0.0, 1.0]"
hCoV-19/USA/WA-UW-671/2020|EPI_ISL_476925|2020-03-12,NON_GA,"[0.0, 1.0]"
hCoV-19/USA/TX-HMH0285/2020|EPI_ISL_434913|2020-03-27,NON_GA,"[0.0, 1.0]"
hCoV-19/USA/WA-S29/2020|EPI_ISL_417082|2020-03-02,NON_GA,"[0.0, 1.0]"
hCoV-19/USA/CA-QDX-1527/2020|EPI_ISL_603780|2020-03-18,NON_GA,"[0.0, 0.9999999999999999]"
hCoV-19/USA/WA-QDX-2276/2020|EPI_ISL_604624|2020-03-14,NON_GA,"[0.0, 1.0]"
hCoV-19/USA/WA-S52/2020|EPI_ISL_417105|2020-03-03,NON_GA,"[0.0, 1.0]"
hCoV-19/USA/WA-UW54/2020|EPI_ISL_415619|2020-03-09,NON_GA,"[0.0, 1.0]"
hCoV-19/USA/WA-S36/2020|EPI_ISL_417089|2020-03-02,NON_GA,"[0.0, 1.0]"
hCoV-19/USA/WA-UW-4226/2020|EPI_ISL_430938|2020-03-31,NON_GA,"[0.0, 1.0]"
hCoV-19/USA/VA-DCLS-0018/2020|EPI_ISL_420028|2020-03-11,NON_GA,"[0.0, 0.9999999999999999]"
hCoV-19/USA/WA-S79/2020|EPI_ISL_417132|2020-03-05,NON_GA,"[0.0, 1.0]"
hCoV-19/USA/WA-UW231/2020|EPI_ISL_417380|2020-03-14,NON_GA,"[0.0, 1.0]"
hCoV-19/USA/WA-S128/2020|EPI_ISL_430165|2020-03-13,NON_GA,"[0.0, 1.0]"
hCoV-19/USA/WA-UW-683/2020|EPI_ISL_476930|2020-03-13,NON_GA,"[0.0, 1.0]"
hCoV-19/USA/CA-CZB0114/2020|EPI_ISL_429058|2020-03-28,NON_GA,"[0.0, 1.0]"
hCoV-19/USA/WA-S426/2020|EPI_ISL_434186|2020-03-28,NON_GA,"[0.0, 1.0]"
hCoV-19/USA/WA-S377/2020|EPI_ISL_434137|2020-03-26,NON_GA,"[0.0, 1.0]"
hCoV-19/USA/WA-UW375/2020|EPI_ISL_418942|2020-03-17,NON_GA,"[0.0, 0.9999999999999999]"
hCoV-19/USA/WA-UW-335/2020|EPI_ISL_570028|2020-03-10,NON_GA,"[0.0, 1.0]"
hCoV-19/USA/WA-UW-1695/2020|EPI_ISL_424219|2020-03-20,NON_GA,"[0.0, 1.0]"
hCoV-19/USA/WA-UW-4330/2020|EPI_ISL_427265|2020-03-31,NON_GA,"[0.0, 1.0]"
hCoV-19/USA/WA-S115/2020|EPI_ISL_417168|2020-02-29,NON_GA,"[0.0, 0.9999999999999999]"
hCoV-19/USA/UN-UW-531/2020|EPI_ISL_430881|2020-03-13,NON_GA,"[0.0, 1.0]"
hCoV-19/USA/WA-S375/2020|EPI_ISL_434135|2020-03-26,NON_GA,"[0.0, 1.0]"
hCoV-19/USA/WA-S147/2020|EPI_ISL_430184|2020-03-14,NON_GA,"[0.0, 1.0]"
hCoV-19/USA/UN-UW-547/2020|EPI_ISL_430886|2020-03-10,NON_GA,"[0.0, 1.0]"
hCoV-19/USA/ME-HETL-J0056/2020|EPI_ISL_513467|2020-03-16,NON_GA,"[0.0, 1.0]"
hCoV-19/USA/CA-CZB096/2020|EPI_ISL_429041|2020-03-28,NON_GA,"[0.0, 1.0]"
hCoV-19/Canada/MB-NML-639/2020|EPI_ISL_632921|2020-03-23,NON_GA,"[0.0, 0.9999999999999999]"
hCoV-19/USA/WA-UW34/2020|EPI_ISL_414621|2020-03-07,NON_GA,"[0.0, 1.0]"
hCoV-19/USA/ID-QDX-707/2020|EPI_ISL_571433|2020-03-19,NON_GA,"[0.0, 1.0]"
hCoV-19/USA/WA-S233/2020|EPI_ISL_430271|2020-03-03,NON_GA,"[0.0, 1.0]"
hCoV-19/USA/WA-UW-831/2020|EPI_ISL_570201|2020-03-15,NON_GA,"[0.0, 1.0]"
hCoV-19/USA/WA-UW367/2020|EPI_ISL_418934|2020-03-17,NON_GA,"[0.0, 0.9999999999999999]"
hCoV-19/USA/CA-QDX-2449/2020|EPI_ISL_604745|2020-03-16,NON_GA,"[0.0, 1.0]"
hCoV-19/USA/WA-S84/2020|EPI_ISL_417137|2020-02-21,NON_GA,"[0.0, 1.0]"
hCoV-19/USA/WA-S104/2020|EPI_ISL_417157|2020-03-05,NON_GA,"[0.0, 1.0]"
hCoV-19/USA/CA-QDX-2739/2020|EPI_ISL_605016|2020-03-17,NON_GA,"[0.0, 0.9999999999999999]"
hCoV-19/USA/WA-S170/2020|EPI_ISL_430208|2020-03-17,NON_GA,"[0.0, 0.9999999999999999]"
hCoV-19/USA/WA-UW94/2020|EPI_ISL_416450|2020-03-11,NON_GA,"[0.0, 0.9999999999999999]"
hCoV-19/England/LIVE-A9B53/2020|EPI_ISL_517328|2020-03-24,NON_GA,"[0.0, 1.0]"
hCoV-19/USA/WA-UW-1327/2020|EPI_ISL_422975|2020-03-18,NON_GA,"[0.0, 0.9999999999999999]"
hCoV-19/USA/WA-S23/2020|EPI_ISL_417076|2020-03-02,NON_GA,"[0.0, 1.0]"
hCoV-19/USA/WI-WSLH-200201/2020|EPI_ISL_578424|2020-03-17,NON_GA,"[0.0, 0.9999999999999999]"
hCoV-19/Vietnam/PIHCM-459/2020|EPI_ISL_654874|2020-03-24,NON_GA,"[0.0, 1.0]"
hCoV-19/USA/WA-UW106/2020|EPI_ISL_416644|2020-03-11,NON_GA,"[0.0, 0.9999999999999999]"
hCoV-19/USA/WA-UW33/2020|EPI_ISL_414620|2020-03-08,NON_GA,"[0.0, 1.0]"
hCoV-19/USA/WA-UW-3859/2020|EPI_ISL_776695|2020-03-26,NON_GA,"[0.0, 1.0]"
hCoV-19/USA/VA-DCLS-0024/2020|EPI_ISL_420628|2020-03-13,NON_GA,"[0.0, 1.0]"
hCoV-19/USA/FL-BPHL-2004/2020|EPI_ISL_653157|2020-03-26,NON_GA,"[0.0, 1.0]"
hCoV-19/USA/CO-QDX-682/2020|EPI_ISL_571428|2020-03-18,NON_GA,"[0.0, 0.9999999999999999]"
hCoV-19/Scotland/CVR190/2020|EPI_ISL_425725|2020-03-18,NON_GA,"[0.0, 0.9999999999999999]"
hCoV-19/USA/WA-UW297/2020|EPI_ISL_418082|2020-03-15,NON_GA,"[0.0, 1.0]"
hCoV-19/USA/ID-UW-3481/2020|EPI_ISL_490996|2020-03-25,NON_GA,"[0.0, 1.0]"
hCoV-19/USA/CA-SCCPHD-UC200/2020|EPI_ISL_671768|2020-03-10,NON_GA,"[0.0, 1.0]"
hCoV-19/USA/WA_0428/2020|EPI_ISL_426439|2020-03-19,NON_GA,"[0.0, 1.0]"
NODE_0000261,NON_GA,"[0.006233298793637066, 0.993766701206363]"
hCoV-19/USA/WA-UW-3041/2020|EPI_ISL_486083|2020-03-27,NON_GA,"[0.0, 0.9999999999999999]"
hCoV-19/USA/WA-UW-3048/2020|EPI_ISL_486085|2020-03-27,NON_GA,"[0.0, 0.9999999999999999]"
NODE_0000254,NON_GA,"[0.001179625369170355, 0.9988203746308295]"
hCoV-19/USA/FL-BPHL-0565/2020|EPI_ISL_508769|2020-03-13,NON_GA,"[0.0, 1.0]"
hCoV-19/USA/FL-BPHL-0599/2020|EPI_ISL_508803|2020-03-21,NON_GA,"[0.0, 1.0]"
NODE_0000191,NON_GA,"[0.002863739615586738, 0.9971362603844133]"
hCoV-19/USA/WA-UW-1441/2020|EPI_ISL_423025|2020-03-18,NON_GA,"[0.0, 1.0]"
hCoV-19/USA/WA-S451/2020|EPI_ISL_434211|2020-03-31,NON_GA,"[0.0, 0.9999999999999999]"
NODE_0000252,NON_GA,"[0.0023965355379320483, 0.9976034644620679]"
hCoV-19/Canada/NL_34/2020|EPI_ISL_429815|2020-03-15,NON_GA,"[0.0, 1.0]"
hCoV-19/USA/VI-CDC-3688/2020|EPI_ISL_452123|2020-03-23,NON_GA,"[0.0, 1.0]"
NODE_0000249,NON_GA,"[8.259726526962072e-05, 0.9999174027347304]"
hCoV-19/USA/WA-UW36/2020|EPI_ISL_416453|2020-03-07,NON_GA,"[0.0, 1.0]"
hCoV-19/USA/WA-UW74/2020|EPI_ISL_415602|2020-03-10,NON_GA,"[0.0, 1.0]"
NODE_0000246,GA,"[0.9969527319049759, 0.003047268095024083]"
hCoV-19/USA/GA-QDX-2379/2020|EPI_ISL_604693|2020-03-16,GA,"[1.0, 0.0]"
hCoV-19/USA/GA-QDX-2421/2020|EPI_ISL_604696|2020-03-16,GA,"[1.0, 0.0]"
NODE_0000243,NON_GA,"[0.002605936109081903, 0.9973940638909181]"
hCoV-19/USA/CA-QDX-2355/2020|EPI_ISL_604652|2020-03-17,NON_GA,"[0.0, 1.0]"
hCoV-19/USA/CA-QDX-2113/2020|EPI_ISL_604415|2020-03-18,NON_GA,"[0.0, 0.9999999999999999]"
NODE_0000244,NON_GA,"[0.006282935800287344, 0.9937170641997127]"
hCoV-19/USA/CA-CZB-1124/2020|EPI_ISL_445172|2020-03-25,NON_GA,"[0.0, 1.0]"
hCoV-19/USA/CA-CZB-1125/2020|EPI_ISL_445173|2020-03-31,NON_GA,"[0.0, 1.0]"
NODE_0000199,GA,"[0.7866428290689108, 0.2133571709310892]"
hCoV-19/USA/CA-QDX-2256/2020|EPI_ISL_604511|2020-03-15,NON_GA,"[0.0, 1.0]"
hCoV-19/Brazil/BA-19.1/2020|EPI_ISL_1068333|2020-03-19,NON_GA,"[0.0, 1.0]"
hCoV-19/USA/UT-QDX-1463/2020|EPI_ISL_603848|2020-03-13,NON_GA,"[0.0, 1.0]"
hCoV-19/USA/IN-Lilly-IPB0173-09bc10/2020|EPI_ISL_911612|2020-03-25,NON_GA,"[0.0, 1.0]"
hCoV-19/USA/CA-QDX-2745/2020|EPI_ISL_605021|2020-03-16,NON_GA,"[0.0, 0.9999999999999999]"
hCoV-19/USA/CA-QDX-2637/2020|EPI_ISL_604902|2020-03-15,NON_GA,"[0.0, 1.0]"
hCoV-19/USA/KS-KHEL-0005/2020|EPI_ISL_875679|2020-03-15,NON_GA,"[0.0, 1.0]"
hCoV-19/USA/AZ-QDX-275/2020|EPI_ISL_571019|2020-03-19,NON_GA,"[0.0, 1.0]"
hCoV-19/USA/UT-QDX-1823/2020|EPI_ISL_604143|2020-03-16,NON_GA,"[0.0, 0.9999999999999999]"
hCoV-19/USA/NJ-NYUMC111/2020|EPI_ISL_421723|2020-03-18,NON_GA,"[0.0, 1.0]"
hCoV-19/USA/VA-DCLS-0537/2020|EPI_ISL_485838|2020-03-12,NON_GA,"[0.0, 1.0]"
hCoV-19/USA/GA-QDX-2511/2020|EPI_ISL_604780|2020-03-13,GA,"[1.0, 0.0]"
hCoV-19/USA/UT-055/2020|EPI_ISL_421561|2020-03-17,NON_GA,"[0.0, 1.0]"
hCoV-19/USA/UT-QDX-1842/2020|EPI_ISL_604158|2020-03-15,NON_GA,"[0.0, 1.0]"
hCoV-19/USA/MA-QDX-1505/2020|EPI_ISL_603837|2020-03-17,NON_GA,"[0.0, 1.0]"
hCoV-19/USA/NY-QDX-81/2020|EPI_ISL_467903|2020-03-15,NON_GA,"[0.0, 1.0]"
hCoV-19/Australia/VIC736/2020|EPI_ISL_427015|2020-03-30,NON_GA,"[0.0, 0.9999999999999999]"
hCoV-19/USA/CA-SR0428/2020|EPI_ISL_467958|2020-03-10,NON_GA,"[0.0, 1.0]"
hCoV-19/Singapore/48/2020|EPI_ISL_428827|2020-03-17,NON_GA,"[0.0, 1.0]"
|GA-EHC-031E,GA,"[0.9999999999999999, 0.0]"
hCoV-19/USA/GA-QDX-2235/2020|EPI_ISL_604530|2020-03-15,GA,"[0.9999999999999999, 0.0]"
hCoV-19/USA/OH-ODH-SC21892/2020|EPI_ISL_940553|2020-03-23,NON_GA,"[0.0, 1.0]"
hCoV-19/USA/UT-QDX-1830/2020|EPI_ISL_604148|2020-03-16,NON_GA,"[0.0, 0.9999999999999999]"
hCoV-19/Australia/VIC1992/2020|EPI_ISL_521898|2020-03-26,NON_GA,"[0.0, 1.0]"
hCoV-19/Mexico/CMX-InDRE_15/2020|EPI_ISL_455439|2020-03-11,NON_GA,"[0.0, 1.0]"
NODE_0000215,GA,"[0.5472742961383211, 0.45272570386167904]"
hCoV-19/USA/GA-QDX-1073/2020|EPI_ISL_571823|2020-03-18,GA,"[1.0, 0.0]"
hCoV-19/USA/MA-MGH-00551/2020|EPI_ISL_460338|2020-03-20,NON_GA,"[0.0, 1.0]"
hCoV-19/USA/UT-QDX-2628/2020|EPI_ISL_604973|2020-03-13,NON_GA,"[0.0, 1.0]"
hCoV-19/USA/MN-MDH-1327/2020|EPI_ISL_495626|2020-03-25,NON_GA,"[0.0, 1.0]"
NODE_0000208,GA,"[0.5226448532044922, 0.4773551467955078]"
hCoV-19/Mexico/CMX-InDRE-06/2020|EPI_ISL_424673|2020-03-12,NON_GA,"[0.0, 1.0]"
hCoV-19/USA/MN-MDH-1444/2020|EPI_ISL_514663|2020-03-26,NON_GA,"[0.0, 0.9999999999999999]"
hCoV-19/USA/CA-QDX-1550/2020|EPI_ISL_603796|2020-03-18,NON_GA,"[0.0, 1.0]"
hCoV-19/USA/GA-QDX-575/2020|EPI_ISL_571287|2020-03-17,GA,"[1.0, 0.0]"
NODE_0001036,NON_GA,"[0.0039200236415442595, 0.9960799763584558]"
hCoV-19/Israel/13075782/2020|EPI_ISL_447447|2020-03-30,NON_GA,"[0.0, 0.9999999999999999]"
hCoV-19/Hangzhou/HZCDC6111/2020|EPI_ISL_482575|2020-03-05,NON_GA,"[0.0, 1.0]"
NODE_0004588,NON_GA,"[0.010841852768206926, 0.9891581472317932]"
hCoV-19/Hangzhou/HZCDC6706/2020|EPI_ISL_421222|2020-03-14,NON_GA,"[0.0, 0.9999999999999999]"
hCoV-19/NanChang/JX216/2020|EPI_ISL_417420|2020-03-23,NON_GA,"[0.0, 1.0]"
NODE_0001039,NON_GA,"[0.0019013438973531278, 0.9980986561026468]"
hCoV-19/Malaysia/UNIMAS-0136/2020|EPI_ISL_718152|2020-03-31,NON_GA,"[0.0, 1.0]"
NODE_0001040,NON_GA,"[3.7896768792622202e-06, 0.9999962103231208]"
hCoV-19/Belgium/Rega-0328203/2020|EPI_ISL_458173|2020-03-28,NON_GA,"[0.0, 1.0]"
hCoV-19/Spain/AR-IBV-2463/2020|EPI_ISL_468846|2020-03-24,NON_GA,"[0.0, 0.9999999999999999]"
hCoV-19/USA/MI-QDX-1780/2020|EPI_ISL_604059|2020-03-18,NON_GA,"[0.0, 0.9999999999999999]"
hCoV-19/Italy/LOM-UniMI-L66/2020|EPI_ISL_542412|2020-02-29,NON_GA,"[0.0, 1.0]"
hCoV-19/Italy/LOM-UniMI-L440/2020|EPI_ISL_542359|2020-03-22,NON_GA,"[0.0, 1.0]"
hCoV-19/Italy/LOM-UniMI-L174/2020|EPI_ISL_542168|2020-03-21,NON_GA,"[0.0, 0.9999999999999999]"
hCoV-19/USA/IN-QDX-1990/2020|EPI_ISL_604332|2020-03-16,NON_GA,"[0.0, 1.0]"
hCoV-19/Canada/NS-NML-955/2020|EPI_ISL_579585|2020-03-27,NON_GA,"[0.0, 1.0]"
hCoV-19/Switzerland/BL-ETHZ-100814/2020|EPI_ISL_451764|2020-03-26,NON_GA,"[0.0, 0.9999999999999999]"
hCoV-19/Switzerland/ZH-ETHZ-100041/2020|EPI_ISL_466964|2020-03-11,NON_GA,"[0.0, 1.0]"
hCoV-19/Switzerland/AG-ETHZ-100052/2020|EPI_ISL_466974|2020-03-12,NON_GA,"[0.0, 0.9999999999999999]"
hCoV-19/Canada/Qc-LSPQ-L00239296/2020|EPI_ISL_536243|2020-03-26,NON_GA,"[0.0, 0.9999999999999999]"
hCoV-19/Belgium/QL-0324173/2020|EPI_ISL_420430|2020-03-24,NON_GA,"[0.0, 0.9999999999999999]"
hCoV-19/Poland/PL_MCB_21/2020|EPI_ISL_645020|2020-03-29,NON_GA,"[0.0, 1.0]"
hCoV-19/Italy/VEN-UniVR-35/2020|EPI_ISL_751347|2020-03-07,NON_GA,"[0.0, 1.0]"
hCoV-19/USA/IN-Lilly-IPB0173-07bc07/2020|EPI_ISL_911552|2020-03-24,NON_GA,"[0.0, 0.9999999999999999]"
hCoV-19/Italy/CAM-CRGS-63/2020|EPI_ISL_918416|2020-03-25,NON_GA,"[0.0, 0.9999999999999999]"
hCoV-19/USA/WI-UW-101/2020|EPI_ISL_425158|2020-03-31,NON_GA,"[0.0, 0.9999999999999999]"
hCoV-19/Germany/BAV-PL-virotum_3qu7/2020|EPI_ISL_887327|2020-03-27,NON_GA,"[0.0, 1.0]"
hCoV-19/Italy/CAM-CRGS-7/2020|EPI_ISL_918419|2020-03-14,NON_GA,"[0.0, 1.0]"
hCoV-19/Switzerland/BL-42209645/2020|EPI_ISL_581802|2020-03-27,NON_GA,"[0.0, 1.0]"
hCoV-19/Germany/HH-hpi-p1847/2020|EPI_ISL_776198|2020-03-22,NON_GA,"[0.0, 1.0]"
hCoV-19/Germany/BAV-PL-virotum_97n2/2020|EPI_ISL_887371|2020-03-29,NON_GA,"[0.0, 1.0]"
hCoV-19/Switzerland/BS-ETHZ-100022/2020|EPI_ISL_466946|2020-03-10,NON_GA,"[0.0, 1.0]"
hCoV-19/Italy/LOM-UniMI-L294/2020|EPI_ISL_542257|2020-02-29,NON_GA,"[0.0, 1.0]"
hCoV-19/Switzerland/TI-ETHZ-100221/2020|EPI_ISL_574962|2020-03-17,NON_GA,"[0.0, 1.0]"
hCoV-19/Italy/APU-ISS-3187/2020|EPI_ISL_856887|2020-03-06,NON_GA,"[0.0, 1.0]"
hCoV-19/Bosnia_and_Herzegovina/ChVir7366/2020|EPI_ISL_462468|2020-03-27,NON_GA,"[0.0, 1.0]"
hCoV-19/England/LIVE-A5735/2020|EPI_ISL_500146|2020-03-19,NON_GA,"[0.0, 1.0]"
hCoV-19/Reunion/RUN-PIMIT20/2020|EPI_ISL_522549|2020-03-31,NON_GA,"[0.0, 0.9999999999999999]"
hCoV-19/Belgium/OT-0319109/2020|EPI_ISL_420365|2020-03-19,NON_GA,"[0.0, 1.0]"
hCoV-19/Germany/BAV-PL-virotum_l9pd/2020|EPI_ISL_887347|2020-03-31,NON_GA,"[0.0, 0.9999999999999999]"
hCoV-19/Switzerland/BL-ETHZ-100792/2020|EPI_ISL_451742|2020-03-25,NON_GA,"[0.0, 0.9999999999999999]"
hCoV-19/Spain/VC-FISABIO-316/2020|EPI_ISL_436411|2020-03-26,NON_GA,"[0.0, 0.9999999999999999]"
hCoV-19/Palestine/15/2020|EPI_ISL_596504|2020-03-07,NON_GA,"[0.0, 1.0]"
hCoV-19/Switzerland/BS-ETHZ-100823/2020|EPI_ISL_451772|2020-03-26,NON_GA,"[0.0, 0.9999999999999999]"
hCoV-19/Germany/BAV-PL-virotum_6gmn/2020|EPI_ISL_887364|2020-03-31,NON_GA,"[0.0, 0.9999999999999999]"
hCoV-19/Germany/BE-ChVir-W1248-16/2020|EPI_ISL_516644|2020-03-07,NON_GA,"[0.0, 1.0]"
hCoV-19/Germany/HH-hpi-p2060/2020|EPI_ISL_776344|2020-03-21,NON_GA,"[0.0, 0.9999999999999999]"
hCoV-19/Switzerland/BS-UHB-42184169/2020|EPI_ISL_527973|2020-03-10,NON_GA,"[0.0, 1.0]"
hCoV-19/USA/IN-Lilly-IPB0173-03bc07/2020|EPI_ISL_903219|2020-03-23,NON_GA,"[0.0, 0.9999999999999999]"
hCoV-19/Italy/LOM-UniMI08/2020|EPI_ISL_779712|2020-02-24,NON_GA,"[0.0, 0.9999999999999999]"
hCoV-19/Austria/CeMM0368/2020|EPI_ISL_475815|2020-03-19,NON_GA,"[0.0, 1.0]"
hCoV-19/France/PAC-IHU-0020/2020|EPI_ISL_569249|2020-03-11,NON_GA,"[0.0, 1.0]"
hCoV-19/Italy/TUS-UOS-8/2020|EPI_ISL_591335|2020-03-20,NON_GA,"[0.0, 0.9999999999999999]"
hCoV-19/Switzerland/BE-UNIBE-195-4728/2020|EPI_ISL_574834|2020-03-24,NON_GA,"[0.0, 0.9999999999999999]"
hCoV-19/Switzerland/BL-42208281/2020|EPI_ISL_581766|2020-03-26,NON_GA,"[0.0, 0.9999999999999999]"
hCoV-19/France/ARA-SC378/2020|EPI_ISL_660353|2020-03-11,NON_GA,"[0.0, 1.0]"
hCoV-19/England/NOTT-10E9D9/2020|EPI_ISL_425623|2020-03-29,NON_GA,"[0.0, 1.0]"
hCoV-19/Italy/LOM-UniMI-L267/2020|EPI_ISL_542233|2020-02-24,NON_GA,"[0.0, 0.9999999999999999]"
hCoV-19/Italy/LOM-UniMI-L389/2020|EPI_ISL_542312|2020-03-09,NON_GA,"[0.0, 1.0]"
hCoV-19/Italy/CAM-CRGS-43/2020|EPI_ISL_877007|2020-03-24,NON_GA,"[0.0, 0.9999999999999999]"
hCoV-19/Sweden/20-08054/2020|EPI_ISL_454496|2020-03-09,NON_GA,"[0.0, 1.0]"
hCoV-19/Germany/BW-FR0262/2020|EPI_ISL_852682|2020-03-26,NON_GA,"[0.0, 0.9999999999999999]"
hCoV-19/USA/IN-Lilly-IPB0173-04bc04/2020|EPI_ISL_911354|2020-03-25,NON_GA,"[0.0, 0.9999999999999999]"
hCoV-19/Italy/LOM-UniMI-L90/2020|EPI_ISL_542434|2020-03-09,NON_GA,"[0.0, 1.0]"
hCoV-19/Italy/LOM-UniMI-L201/2020|EPI_ISL_542190|2020-03-22,NON_GA,"[0.0, 1.0]"
hCoV-19/Germany/BW-FR0186/2020|EPI_ISL_852720|2020-03-21,NON_GA,"[0.0, 0.9999999999999999]"
hCoV-19/India/MH-NIV-4379/2020|EPI_ISL_454532|2020-03-23,NON_GA,"[0.0, 0.9999999999999999]"
hCoV-19/Italy/LOM-INMI-11550/2020|EPI_ISL_460090|2020-02-28,NON_GA,"[0.0, 1.0]"
hCoV-19/Chile/RM-ISPCH-32/2020|EPI_ISL_445311|2020-03-17,NON_GA,"[0.0, 1.0]"
hCoV-19/Luxembourg/LNS4235576/2020|EPI_ISL_421759|2020-03-17,NON_GA,"[0.0, 1.0]"
hCoV-19/France/IDF-2420/2020|EPI_ISL_418230|2020-03-13,NON_GA,"[0.0, 1.0]"
hCoV-19/Italy/LOM-UniMI-L68/2020|EPI_ISL_542414|2020-03-04,NON_GA,"[0.0, 1.0]"
hCoV-19/Italy/LOM-UniMI-L357/2020|EPI_ISL_542291|2020-03-05,NON_GA,"[0.0, 1.0]"
hCoV-19/Switzerland/BS-UHB-42190958/2020|EPI_ISL_528080|2020-03-14,NON_GA,"[0.0, 1.0]"
hCoV-19/Italy/VEN-UniVR-93/2020|EPI_ISL_751401|2020-03-24,NON_GA,"[0.0, 0.9999999999999999]"
hCoV-19/Belgium/rega-03121133/2020|EPI_ISL_734504|2020-03-12,NON_GA,"[0.0, 0.9999999999999999]"
hCoV-19/Italy/LOM-UniMI-L195/2020|EPI_ISL_542185|2020-03-21,NON_GA,"[0.0, 0.9999999999999999]"
hCoV-19/Germany/BAV-PL-virotum_cofh/2020|EPI_ISL_887331|2020-03-28,NON_GA,"[0.0, 1.0]"
hCoV-19/France/ARA-06042/2020|EPI_ISL_417333|2020-03-04,NON_GA,"[0.0, 1.0]"
hCoV-19/Italy/LOM-UniMI-L368/2020|EPI_ISL_542299|2020-03-07,NON_GA,"[0.0, 1.0]"
hCoV-19/France/ARA-SC014/2020|EPI_ISL_629086|2020-03-03,NON_GA,"[0.0, 0.9999999999999999]"
hCoV-19/Spain/VC-IBV-98004511/2020|EPI_ISL_796097|2020-03-26,NON_GA,"[0.0, 0.9999999999999999]"
hCoV-19/Italy/LOM-UniMI-L431/2020|EPI_ISL_542350|2020-03-20,NON_GA,"[0.0, 0.9999999999999999]"
hCoV-19/Italy/TUS-UOS-11/2020|EPI_ISL_591328|2020-03-21,NON_GA,"[0.0, 0.9999999999999999]"
hCoV-19/Canada/Qc-LSPQ-L00234537/2020|EPI_ISL_536057|2020-03-23,NON_GA,"[0.0, 0.9999999999999999]"
hCoV-19/Italy/ABR-IZSGC-TE4925/2020|EPI_ISL_418255|2020-03-14,NON_GA,"[0.0, 1.0]"
hCoV-19/USA/IN-Lilly-IPB0173-09bc23/2020|EPI_ISL_911625|2020-03-26,NON_GA,"[0.0, 0.9999999999999999]"
hCoV-19/Germany/HH-hpi-p2056/2020|EPI_ISL_776343|2020-03-21,NON_GA,"[0.0, 0.9999999999999999]"
hCoV-19/Switzerland/BS-42204879/2020|EPI_ISL_581731|2020-03-24,NON_GA,"[0.0, 0.9999999999999999]"
hCoV-19/France/ARA-SC019/2020|EPI_ISL_666654|2020-03-16,NON_GA,"[0.0, 1.0]"
hCoV-19/Italy/TUS-DBM-8/2020|EPI_ISL_583962|2020-03-20,NON_GA,"[0.0, 0.9999999999999999]"
hCoV-19/Northern_Ireland/NIRE-FAE4B/2020|EPI_ISL_448928|2020-03-26,NON_GA,"[0.0, 0.9999999999999999]"
hCoV-19/Italy/VEN-IZSVe-18-48/2020|EPI_ISL_452184|2020-03-24,NON_GA,"[0.0, 0.9999999999999999]"
hCoV-19/Italy/CAM-ISS-3905/2020|EPI_ISL_856891|2020-03-08,NON_GA,"[0.0, 1.0]"
hCoV-19/Italy/LOM-UniMI-L253/2020|EPI_ISL_542225|2020-02-23,NON_GA,"[0.0, 1.0]"
hCoV-19/Italy/LOM-UniMI-L268/2020|EPI_ISL_542234|2020-02-25,NON_GA,"[0.0, 0.9999999999999999]"
hCoV-19/Switzerland/BS-42207953/2020|EPI_ISL_581756|2020-03-26,NON_GA,"[0.0, 0.9999999999999999]"
hCoV-19/Italy/LOM-UniMI-L260/2020|EPI_ISL_542230|2020-02-24,NON_GA,"[0.0, 0.9999999999999999]"
hCoV-19/Italy/LOM-UniMI-L485/2020|EPI_ISL_542393|2020-03-17,NON_GA,"[0.0, 1.0]"
hCoV-19/Italy/LOM-UniMI-L409/2020|EPI_ISL_542329|2020-03-12,NON_GA,"[0.0, 0.9999999999999999]"
hCoV-19/Italy/LOM-UniMI-L487/2020|EPI_ISL_542395|2020-03-27,NON_GA,"[0.0, 1.0]"
hCoV-19/Italy/LOM-UniMI-L288/2020|EPI_ISL_542252|2020-02-28,NON_GA,"[0.0, 1.0]"
hCoV-19/France/HDF-3677/2020|EPI_ISL_428359|2020-03-23,NON_GA,"[0.0, 0.9999999999999999]"
hCoV-19/Switzerland/ZH-ETHZ-101175/2020|EPI_ISL_451838|2020-03-31,NON_GA,"[0.0, 0.9999999999999999]"
hCoV-19/France/ARA-SC148/2020|EPI_ISL_700348|2020-03-09,NON_GA,"[0.0, 1.0]"
hCoV-19/Australia/VIC320/2020|EPI_ISL_420011|2020-03-24,NON_GA,"[0.0, 0.9999999999999999]"
hCoV-19/Switzerland/BL-UHB-42191063/2020|EPI_ISL_528088|2020-03-14,NON_GA,"[0.0, 1.0]"
hCoV-19/Italy/CAM-CRGS-46/2020|EPI_ISL_877010|2020-03-25,NON_GA,"[0.0, 0.9999999999999999]"
hCoV-19/France/NAQ-isl1/2020|EPI_ISL_707781|2020-03-12,NON_GA,"[0.0, 0.9999999999999999]"
hCoV-19/England/201060027/2020|EPI_ISL_464370|2020-03-05,NON_GA,"[0.0, 1.0]"
hCoV-19/England/CAMB-7673D/2020|EPI_ISL_438425|2020-03-30,NON_GA,"[0.0, 0.9999999999999999]"
hCoV-19/Germany/BW-FR0193/2020|EPI_ISL_852715|2020-03-22,NON_GA,"[0.0, 1.0]"
hCoV-19/France/GES-8786/2020|EPI_ISL_560626|2020-03-25,NON_GA,"[0.0, 0.9999999999999999]"
hCoV-19/Italy/LOM-UniMI-L74/2020|EPI_ISL_542419|2020-03-08,NON_GA,"[0.0, 1.0]"
hCoV-19/Italy/LOM-UniMI-L342/2020|EPI_ISL_542281|2020-03-04,NON_GA,"[0.0, 1.0]"
hCoV-19/South_Africa/KRISP-0057/2020|EPI_ISL_467446|2020-03-29,NON_GA,"[0.0, 1.0]"
hCoV-19/USA/NY-NYUMC70/2020|EPI_ISL_420586|2020-03-19,NON_GA,"[0.0, 1.0]"
hCoV-19/Scotland/CVR583/2020|EPI_ISL_433313|2020-03-25,NON_GA,"[0.0, 0.9999999999999999]"
hCoV-19/Italy/LOM-UniMI01/2020|EPI_ISL_417445|2020-02-24,NON_GA,"[0.0, 0.9999999999999999]"
hCoV-19/Switzerland/BS-42206243/2020|EPI_ISL_581744|2020-03-25,NON_GA,"[0.0, 0.9999999999999999]"
hCoV-19/Italy/LOM-UniMI-L221/2020|EPI_ISL_542208|2020-03-14,NON_GA,"[0.0, 1.0]"
hCoV-19/Germany/NW-HHU-189/2020|EPI_ISL_602463|2020-03-29,NON_GA,"[0.0, 1.0]"
hCoV-19/France/PAC-IHU-0171/2020|EPI_ISL_569347|2020-03-25,NON_GA,"[0.0, 0.9999999999999999]"
hCoV-19/Spain/PV-IBV-003218/2020|EPI_ISL_481038|2020-03-14,NON_GA,"[0.0, 1.0]"
hCoV-19/Cuba/USAFSAM-S030/2020|EPI_ISL_513312|2020-03-19,NON_GA,"[0.0, 1.0]"
hCoV-19/Germany/BW-FR0251/2020|EPI_ISL_852689|2020-03-25,NON_GA,"[0.0, 0.9999999999999999]"
hCoV-19/Italy/VEN-UniVR-46/2020|EPI_ISL_751356|2020-03-12,NON_GA,"[0.0, 0.9999999999999999]"
hCoV-19/France/GES-8509/2020|EPI_ISL_560583|2020-03-31,NON_GA,"[0.0, 0.9999999999999999]"
hCoV-19/Italy/LOM-UniMI-L119/2020|EPI_ISL_542115|2020-03-14,NON_GA,"[0.0, 1.0]"
hCoV-19/USA/IN-QDX-830/2020|EPI_ISL_571602|2020-03-16,NON_GA,"[0.0, 1.0]"
hCoV-19/Switzerland/BL-ETHZ-101155/2020|EPI_ISL_451821|2020-03-31,NON_GA,"[0.0, 0.9999999999999999]"
hCoV-19/Italy/LAZ-INMI-6/2020|EPI_ISL_419254|2020-03-23,NON_GA,"[0.0, 0.9999999999999999]"
hCoV-19/France/IDF-3276/2020|EPI_ISL_421508|2020-03-23,NON_GA,"[0.0, 0.9999999999999999]"
hCoV-19/Germany/BW-FR0150/2020|EPI_ISL_852758|2020-03-02,NON_GA,"[0.0, 1.0]"
hCoV-19/France/ARA-12996/2020|EPI_ISL_420620|2020-03-23,NON_GA,"[0.0, 0.9999999999999999]"
hCoV-19/Germany/BW-FR0339/2020|EPI_ISL_852764|2020-03-30,NON_GA,"[0.0, 0.9999999999999999]"
hCoV-19/USA/TX-HMH0214/2020|EPI_ISL_434889|2020-03-24,NON_GA,"[0.0, 0.9999999999999999]"
hCoV-19/France/ARA-SC005/2020|EPI_ISL_629085|2020-02-29,NON_GA,"[0.0, 1.0]"
hCoV-19/Italy/FVG-ICGEB-S1/2020|EPI_ISL_417418|2020-03-01,NON_GA,"[0.0, 0.9999999999999999]"
hCoV-19/Italy/LOM-INMI-5925/2020|EPI_ISL_460091|2020-02-22,NON_GA,"[0.0, 1.0]"
hCoV-19/Italy/VEN-UniVR-62/2020|EPI_ISL_751372|2020-03-13,NON_GA,"[0.0, 1.0]"
hCoV-19/Germany/BE-ChVir1968/2020|EPI_ISL_729492|2020-03-08,NON_GA,"[0.0, 1.0]"
hCoV-19/Croatia/52089_ID1647_6/2020|EPI_ISL_985407|2020-03-21,NON_GA,"[0.0, 0.9999999999999999]"
hCoV-19/France/IDF-3324/2020|EPI_ISL_421512|2020-03-23,NON_GA,"[0.0, 0.9999999999999999]"
hCoV-19/Switzerland/BS-UHB-42198823/2020|EPI_ISL_528232|2020-03-19,NON_GA,"[0.0, 1.0]"
hCoV-19/Germany/BW-FR0174/2020|EPI_ISL_852780|2020-03-17,NON_GA,"[0.0, 1.0]"
hCoV-19/Germany/BW-FR0048/2020|EPI_ISL_852798|2020-03-11,NON_GA,"[0.0, 1.0]"
hCoV-19/Germany/HH-hpi-p1588/2020|EPI_ISL_776060|2020-03-16,NON_GA,"[0.0, 1.0]"
hCoV-19/France/ARA-SC327/2020|EPI_ISL_660331|2020-03-25,NON_GA,"[0.0, 0.9999999999999999]"
hCoV-19/Tunisia/2909/2020|EPI_ISL_707791|2020-03-02,NON_GA,"[0.0, 1.0]"
hCoV-19/Morocco/refstage1/2020|EPI_ISL_476559|2020-02-27,NON_GA,"[0.0, 1.0]"
hCoV-19/Belgium/20A30/2020|EPI_ISL_451935|2020-03-18,NON_GA,"[0.0, 0.9999999999999999]"
hCoV-19/Switzerland/ZH-UZH-1000484569/2020|EPI_ISL_508869|2020-03-16,NON_GA,"[0.0, 1.0]"
hCoV-19/Germany/BE-ChVir-W1133-5742/2020|EPI_ISL_753936|2020-03-31,NON_GA,"[0.0, 0.9999999999999999]"
hCoV-19/Italy/TUS-UniSi07/2020|EPI_ISL_803886|2020-03-18,NON_GA,"[0.0, 0.9999999999999999]"
hCoV-19/France/HDF-2797/2020|EPI_ISL_420044|2020-03-18,NON_GA,"[0.0, 0.9999999999999999]"
hCoV-19/Germany/BW-FR0077/2020|EPI_ISL_852784|2020-03-15,NON_GA,"[0.0, 1.0]"
hCoV-19/Portugal/PT0975/2020|EPI_ISL_511524|2020-03-27,NON_GA,"[0.0, 1.0]"
hCoV-19/Italy/APU-UniMI-45/2020|EPI_ISL_477193|2020-03-16,NON_GA,"[0.0, 1.0]"
hCoV-19/Italy/LOM-INMI-7070/2020|EPI_ISL_460086|2020-02-24,NON_GA,"[0.0, 0.9999999999999999]"
hCoV-19/USA/IN-Lilly-IPB0173-06bc29/2020|EPI_ISL_911468|2020-03-23,NON_GA,"[0.0, 0.9999999999999999]"
hCoV-19/Italy/MAR-ISS-2330/2020|EPI_ISL_855552|2020-03-04,NON_GA,"[0.0, 1.0]"
hCoV-19/Germany/BW-FR0105/2020|EPI_ISL_852731|2020-03-16,NON_GA,"[0.0, 1.0]"
hCoV-19/Italy/CAM-CRGS-18/2020|EPI_ISL_876984|2020-03-17,NON_GA,"[0.0, 1.0]"
hCoV-19/Italy/LOM-ASST-CDG1/2020|EPI_ISL_412973|2020-02-20,NON_GA,"[0.0, 1.0]"
hCoV-19/Portugal/PT1216/2020|EPI_ISL_511759|2020-03-28,NON_GA,"[0.0, 1.0]"
hCoV-19/USA/MI-MDHHS-SC20142/2020|EPI_ISL_436855|2020-03-24,NON_GA,"[0.0, 0.9999999999999999]"
hCoV-19/France/IDF_HB_112003000900/2020|EPI_ISL_940532|2020-03-01,NON_GA,"[0.0, 0.9999999999999999]"
hCoV-19/USA/MI-MDHHS-SC20173/2020|EPI_ISL_436889|2020-03-17,NON_GA,"[0.0, 1.0]"
hCoV-19/Italy/LOM-ASST-3/2020|EPI_ISL_486659|2020-02-22,NON_GA,"[0.0, 1.0]"
hCoV-19/Germany/BY-MVP-0082/2020|EPI_ISL_437276|2020-03-30,NON_GA,"[0.0, 0.9999999999999999]"
hCoV-19/Switzerland/BE-UNIBE-183-3586/2020|EPI_ISL_574822|2020-03-21,NON_GA,"[0.0, 0.9999999999999999]"
hCoV-19/Brazil/SP-06/2020|EPI_ISL_414015|2020-02-29,NON_GA,"[0.0, 1.0]"
hCoV-19/Italy/CAM-CRGS-23/2020|EPI_ISL_876988|2020-03-18,NON_GA,"[0.0, 0.9999999999999999]"
hCoV-19/Germany/BW-FR0110/2020|EPI_ISL_852782|2020-03-16,NON_GA,"[0.0, 1.0]"
hCoV-19/Italy/CAM-CRGS-62/2020|EPI_ISL_918415|2020-03-30,NON_GA,"[0.0, 0.9999999999999999]"
hCoV-19/USA/IA-CDC-4047/2020|EPI_ISL_647993|2020-03-09,NON_GA,"[0.0, 1.0]"
hCoV-19/Italy/CAM-CRGS-25/2020|EPI_ISL_876975|2020-03-18,NON_GA,"[0.0, 0.9999999999999999]"
hCoV-19/Germany/BW-FR0337/2020|EPI_ISL_852766|2020-03-30,NON_GA,"[0.0, 0.9999999999999999]"
hCoV-19/Italy/LOM-ASST-8/2020|EPI_ISL_486664|2020-02-26,NON_GA,"[0.0, 1.0]"
hCoV-19/Germany/BW-FR0166/2020|EPI_ISL_852789|2020-03-11,NON_GA,"[0.0, 1.0]"
hCoV-19/Italy/LOM-INMI-13221/2020|EPI_ISL_460085|2020-03-01,NON_GA,"[0.0, 0.9999999999999999]"
hCoV-19/Germany/BW-FR0069/2020|EPI_ISL_852733|2020-03-15,NON_GA,"[0.0, 1.0]"
hCoV-19/Germany/BW-FR0237/2020|EPI_ISL_852702|2020-03-24,NON_GA,"[0.0, 0.9999999999999999]"
hCoV-19/Germany/BW-FR0076/2020|EPI_ISL_852772|2020-03-20,NON_GA,"[0.0, 0.9999999999999999]"
hCoV-19/Italy/EMR-AMVRC-206/2020|EPI_ISL_457699|2020-02-22,NON_GA,"[0.0, 1.0]"
hCoV-19/Switzerland/BS-UHB-42186439/2020|EPI_ISL_528008|2020-03-11,NON_GA,"[0.0, 1.0]"
hCoV-19/South_Africa/KRISP-0035/2020|EPI_ISL_467441|2020-03-27,NON_GA,"[0.0, 1.0]"
hCoV-19/Switzerland/AG-ETHZ-100125/2020|EPI_ISL_451709|2020-03-16,NON_GA,"[0.0, 1.0]"
hCoV-19/Italy/CAM_CRGS_2/2020|EPI_ISL_876042|2020-03-14,NON_GA,"[0.0, 1.0]"
hCoV-19/USA/IN-Lilly-IPB0173-02bc07/2020|EPI_ISL_902976|2020-03-20,NON_GA,"[0.0, 0.9999999999999999]"
hCoV-19/Germany/BE-ChVir3083/2020|EPI_ISL_729529|2020-03-24,NON_GA,"[0.0, 0.9999999999999999]"
hCoV-19/Hangzhou/HZCDC7363/2020|EPI_ISL_482585|2020-03-25,NON_GA,"[0.0, 0.9999999999999999]"
hCoV-19/Brazil/SP-09/2020|EPI_ISL_416031|2020-03-04,NON_GA,"[0.0, 1.0]"
hCoV-19/Italy/VEN-UniVR-58/2020|EPI_ISL_751368|2020-03-12,NON_GA,"[0.0, 0.9999999999999999]"
hCoV-19/USA/NY-WCMP2D04P/2020|EPI_ISL_427528|2020-03-12,NON_GA,"[0.0, 0.9999999999999999]"
hCoV-19/Switzerland/GE-ETHZ-101177/2020|EPI_ISL_451839|2020-03-31,NON_GA,"[0.0, 0.9999999999999999]"
hCoV-19/France/ARA-06487/2020|EPI_ISL_416754|2020-03-06,NON_GA,"[0.0, 1.0]"
hCoV-19/Italy/CAM-CRGS-24/2020|EPI_ISL_876989|2020-03-18,NON_GA,"[0.0, 0.9999999999999999]"
hCoV-19/France/ARA-6041/2020|EPI_ISL_681261|2020-03-04,NON_GA,"[0.0, 1.0]"
hCoV-19/France/ARA-6245/2020|EPI_ISL_681263|2020-03-05,NON_GA,"[0.0, 1.0]"
hCoV-19/Switzerland/BL-UHB-42191693/2020|EPI_ISL_528106|2020-03-15,NON_GA,"[0.0, 1.0]"
hCoV-19/France/ARA-6048/2020|EPI_ISL_681262|2020-03-04,NON_GA,"[0.0, 1.0]"
hCoV-19/Chile/MA-ISPCH-4/2020|EPI_ISL_445282|2020-03-19,NON_GA,"[0.0, 1.0]"
hCoV-19/South_Africa/KRISP-0040/2020|EPI_ISL_467442|2020-03-27,NON_GA,"[0.0, 1.0]"
hCoV-19/Germany/HH-hpi-p1916/2020|EPI_ISL_776247|2020-03-25,NON_GA,"[0.0, 0.9999999999999999]"
hCoV-19/France/ARA-SC377/2020|EPI_ISL_645188|2020-03-11,NON_GA,"[0.0, 1.0]"
hCoV-19/Germany/BE-ChVir1716/2020|EPI_ISL_729481|2020-03-04,NON_GA,"[0.0, 1.0]"
hCoV-19/Belgium/STM-0324170/2020|EPI_ISL_420427|2020-03-24,NON_GA,"[0.0, 0.9999999999999999]"
hCoV-19/France/ARA-SC150/2020|EPI_ISL_634818|2020-03-09,NON_GA,"[0.0, 1.0]"
hCoV-19/Germany/BW-FR0016/2020|EPI_ISL_852801|2020-03-10,NON_GA,"[0.0, 1.0]"
hCoV-19/Germany/BW-FR0152/2020|EPI_ISL_852812|2020-03-04,NON_GA,"[0.0, 1.0]"
hCoV-19/Germany/BW-FR0089/2020|EPI_ISL_852792|2020-03-11,NON_GA,"[0.0, 1.0]"
hCoV-19/Germany/BE-ChVir-D658-5/2020|EPI_ISL_516633|2020-03-08,NON_GA,"[0.0, 1.0]"
hCoV-19/Italy/CAM-CRGS-36/2020|EPI_ISL_876977|2020-03-19,NON_GA,"[0.0, 1.0]"
hCoV-19/France/CVL-8289/2020|EPI_ISL_560578|2020-03-28,NON_GA,"[0.0, 1.0]"
hCoV-19/Italy/VEN-UniVR-47/2020|EPI_ISL_751357|2020-03-12,NON_GA,"[0.0, 0.9999999999999999]"
hCoV-19/France/IDF_PSL_200/2020|EPI_ISL_1015256|2020-03-22,NON_GA,"[0.0, 1.0]"
hCoV-19/USA/IN-Lilly-IPB0173-04bc21/2020|EPI_ISL_911362|2020-03-20,NON_GA,"[0.0, 0.9999999999999999]"
hCoV-19/Switzerland/BS-UHB-42177430/2020|EPI_ISL_527932|2020-03-05,NON_GA,"[0.0, 1.0]"
hCoV-19/Germany/BW-FR0248/2020|EPI_ISL_852690|2020-03-24,NON_GA,"[0.0, 0.9999999999999999]"
hCoV-19/Italy/LOM-UniMI13/2020|EPI_ISL_780378|2020-03-16,NON_GA,"[0.0, 1.0]"
hCoV-19/Palestine/28/2020|EPI_ISL_596512|2020-03-29,NON_GA,"[0.0, 1.0]"
hCoV-19/Switzerland/ZH-UZH-1000482982/2020|EPI_ISL_508864|2020-03-15,NON_GA,"[0.0, 1.0]"
hCoV-19/Germany/BW-FR0338/2020|EPI_ISL_852669|2020-03-30,NON_GA,"[0.0, 0.9999999999999999]"
hCoV-19/USA/MO-QDX-535/2020|EPI_ISL_571386|2020-03-18,NON_GA,"[0.0, 0.9999999999999999]"
hCoV-19/USA/ID-IBL-611256/2020|EPI_ISL_1164813|2020-03-17,NON_GA,"[0.0, 1.0]"
hCoV-19/Italy/FVG-ICGEB-S8/2020|EPI_ISL_417421|2020-03-01,NON_GA,"[0.0, 0.9999999999999999]"
hCoV-19/Belgium/BG-030551/2020|EPI_ISL_418806|2020-03-05,NON_GA,"[0.0, 1.0]"
hCoV-19/Germany/BE-ChVir-D712-1/2020|EPI_ISL_516629|2020-03-07,NON_GA,"[0.0, 1.0]"
hCoV-19/Germany/BW-FR0063/2020|EPI_ISL_852752|2020-03-05,NON_GA,"[0.0, 1.0]"
hCoV-19/France/IDF_HB_112003101123/2020|EPI_ISL_940213|2020-03-29,NON_GA,"[0.0, 1.0]"
hCoV-19/Italy/LOM-INMI-13075-B/2020|EPI_ISL_451308|2020-03-01,NON_GA,"[0.0, 0.9999999999999999]"
hCoV-19/Switzerland/BE-UNIBE-157-8499/2020|EPI_ISL_574798|2020-03-13,NON_GA,"[0.0, 1.0]"
hCoV-19/Italy/VEN-UniVR-92/2020|EPI_ISL_751400|2020-03-24,NON_GA,"[0.0, 0.9999999999999999]"
hCoV-19/Belgium/Rega-0327213/2020|EPI_ISL_458183|2020-03-27,NON_GA,"[0.0, 1.0]"
hCoV-19/USA/IN-Lilly-IPB0173-09bc15/2020|EPI_ISL_911617|2020-03-25,NON_GA,"[0.0, 0.9999999999999999]"
hCoV-19/Italy/LOM-ASST-4/2020|EPI_ISL_486660|2020-02-23,NON_GA,"[0.0, 1.0]"
hCoV-19/Italy/LAZ-INMI3/2020|EPI_ISL_417921|2020-03-01,NON_GA,"[0.0, 0.9999999999999999]"
hCoV-19/Luxembourg/LNS9074543/2020|EPI_ISL_744843|2020-03-22,NON_GA,"[0.0, 1.0]"
hCoV-19/France/IDF_PSL_197/2020|EPI_ISL_1015054|2020-03-12,NON_GA,"[0.0, 0.9999999999999999]"
hCoV-19/Bosnia_and_Herzegovina/ChVir7367/2020|EPI_ISL_462469|2020-03-27,NON_GA,"[0.0, 1.0]"
hCoV-19/France/HDF-2196/2020|EPI_ISL_416493|2020-03-08,NON_GA,"[0.0, 1.0]"
hCoV-19/Italy/VEN-SI_124/2020|EPI_ISL_1181806|2020-03-23,NON_GA,"[0.0, 0.9999999999999999]"
hCoV-19/Italy/LOM-INMI-9206/2020|EPI_ISL_460087|2020-02-26,NON_GA,"[0.0, 1.0]"
hCoV-19/France/ARA-06391/2020|EPI_ISL_525536|2020-03-06,NON_GA,"[0.0, 1.0]"
hCoV-19/France/ARA-SC383/2020|EPI_ISL_645190|2020-03-15,NON_GA,"[0.0, 1.0]"
hCoV-19/Sweden/20-50219/2020|EPI_ISL_455876|2020-03-06,NON_GA,"[0.0, 1.0]"
hCoV-19/Belgium/ULG-10215/2020|EPI_ISL_484703|2020-03-20,NON_GA,"[0.0, 0.9999999999999999]"
hCoV-19/Germany/BW-FR0024/2020|EPI_ISL_852800|2020-03-10,NON_GA,"[0.0, 1.0]"
hCoV-19/Germany/BW-UKT-a110/2020|EPI_ISL_723086|2020-03-18,NON_GA,"[0.0, 0.9999999999999999]"
hCoV-19/France/ARA-06056/2020|EPI_ISL_417334|2020-03-04,NON_GA,"[0.0, 1.0]"
hCoV-19/Portugal/PT0967/2020|EPI_ISL_511516|2020-03-29,NON_GA,"[0.0, 1.0]"
hCoV-19/Italy/LOM-UniMI03/2020|EPI_ISL_417447|2020-02-24,NON_GA,"[0.0, 0.9999999999999999]"
hCoV-19/Italy/LOM-INMI-13075-N/2020|EPI_ISL_451309|2020-03-01,NON_GA,"[0.0, 0.9999999999999999]"
hCoV-19/Italy/PIE-SLL-MS59/2020|EPI_ISL_569875|2020-03-31,NON_GA,"[0.0, 0.9999999999999999]"
hCoV-19/Germany/BE-ChVir-D718-3/2020|EPI_ISL_516631|2020-03-07,NON_GA,"[0.0, 1.0]"
hCoV-19/Italy/LOM-ASST-2/2020|EPI_ISL_486646|2020-03-09,NON_GA,"[0.0, 1.0]"
hCoV-19/Germany/BW-FR0032/2020|EPI_ISL_852779|2020-03-17,NON_GA,"[0.0, 1.0]"
hCoV-19/France/ARA-10257/2020|EPI_ISL_418427|2020-03-17,NON_GA,"[0.0, 1.0]"
hCoV-19/Italy/CAM-CRGS-12/2020|EPI_ISL_876978|2020-03-15,NON_GA,"[0.0, 1.0]"
hCoV-19/Italy/VEN-UniVR-65/2020|EPI_ISL_751374|2020-03-13,NON_GA,"[0.0, 1.0]"
hCoV-19/USA/IN-QDX-1973/2020|EPI_ISL_604223|2020-03-14,NON_GA,"[0.0, 1.0]"
hCoV-19/Czech_Republic/IAB20_006_38/2020|EPI_ISL_889321|2020-03-20,NON_GA,"[0.0, 0.9999999999999999]"
hCoV-19/Germany/BW-FR0012/2020|EPI_ISL_852802|2020-03-08,NON_GA,"[0.0, 1.0]"
hCoV-19/Germany/HH-hpi-p1437/2020|EPI_ISL_775957|2020-03-07,NON_GA,"[0.0, 1.0]"
hCoV-19/Netherlands/NH-RIVM-10225/2020|EPI_ISL_804410|2020-03-28,NON_GA,"[0.0, 1.0]"
hCoV-19/Russia/Samara-73406/2020|EPI_ISL_428885|2020-03-20,NON_GA,"[0.0, 0.9999999999999999]"
hCoV-19/France/GES-8774/2020|EPI_ISL_560622|2020-03-13,NON_GA,"[0.0, 1.0]"
hCoV-19/France/OCC-SC496/2020|EPI_ISL_644693|2020-03-26,NON_GA,"[0.0, 0.9999999999999999]"
hCoV-19/Switzerland/GE-HUG-2164/2020|EPI_ISL_429208|2020-03-17,NON_GA,"[0.0, 1.0]"
hCoV-19/Germany/HH-hpi-p2111/2020|EPI_ISL_776356|2020-03-22,NON_GA,"[0.0, 1.0]"
hCoV-19/Netherlands/Zeewolde_1365080/2020|EPI_ISL_413591|2020-03-02,NON_GA,"[0.0, 1.0]"
hCoV-19/Germany/BAV-PL-virotum_f7t0/2020|EPI_ISL_887341|2020-03-29,NON_GA,"[0.0, 1.0]"
hCoV-19/Spain/MD-HLP-LP12-21/2020|EPI_ISL_417972|2020-03-09,NON_GA,"[0.0, 1.0]"
hCoV-19/Italy/LOM-UniMI-L450/2020|EPI_ISL_542368|2020-03-23,NON_GA,"[0.0, 0.9999999999999999]"
hCoV-19/France/IDF_HB_112003101417/2020|EPI_ISL_940220|2020-03-29,NON_GA,"[0.0, 1.0]"
hCoV-19/Italy/TAA-ISS-219/2020|EPI_ISL_856884|2020-02-24,NON_GA,"[0.0, 0.9999999999999999]"
hCoV-19/France/IDF_HB_112002103234/2020|EPI_ISL_940534|2020-02-27,NON_GA,"[0.0, 1.0]"
hCoV-19/Switzerland/BE-ETHZ-100023/2020|EPI_ISL_466947|2020-03-10,NON_GA,"[0.0, 1.0]"
hCoV-19/Australia/NSW371/2020|EPI_ISL_451632|2020-03-27,NON_GA,"[0.0, 1.0]"
hCoV-19/Russia/StPetersburg-RII4326S/2020|EPI_ISL_427337|2020-03-25,NON_GA,"[0.0, 0.9999999999999999]"
hCoV-19/France/NAQ-SC576/2020|EPI_ISL_663227|2020-03-05,NON_GA,"[0.0, 1.0]"
hCoV-19/France/NAQ-SC198/2020|EPI_ISL_649954|2020-03-04,NON_GA,"[0.0, 1.0]"
hCoV-19/Spain/AN-IBV-001874/2020|EPI_ISL_452471|2020-03-06,NON_GA,"[0.0, 1.0]"
hCoV-19/Switzerland/BE-ETHZ-100382/2020|EPI_ISL_574930|2020-03-20,NON_GA,"[0.0, 0.9999999999999999]"
hCoV-19/USA/WI-WSLH-200143/2020|EPI_ISL_578370|2020-03-12,NON_GA,"[0.0, 0.9999999999999999]"
hCoV-19/Switzerland/BE-UNIBE-152-7992/2020|EPI_ISL_574793|2020-03-12,NON_GA,"[0.0, 0.9999999999999999]"
hCoV-19/Germany/HH-hpi-p1998/2020|EPI_ISL_776315|2020-03-27,NON_GA,"[0.0, 1.0]"
hCoV-19/Italy/ABR-IZSGC-TE5173/2020|EPI_ISL_528924|2020-03-18,NON_GA,"[0.0, 0.9999999999999999]"
hCoV-19/Italy/LOM-UniMI-L465/2020|EPI_ISL_542381|2020-03-20,NON_GA,"[0.0, 0.9999999999999999]"
hCoV-19/Germany/BE-ChVir-D793-8179/2020|EPI_ISL_753920|2020-03-13,NON_GA,"[0.0, 1.0]"
hCoV-19/USA/FL-BPHL-2120/2020|EPI_ISL_653273|2020-03-12,NON_GA,"[0.0, 0.9999999999999999]"
hCoV-19/USA/UT-032/2020|EPI_ISL_417974|2020-03-19,NON_GA,"[0.0, 1.0]"
hCoV-19/Italy/LOM-UniMI-L372/2020|EPI_ISL_542303|2020-03-07,NON_GA,"[0.0, 1.0]"
hCoV-19/France/IDF-2279/2020|EPI_ISL_416500|2020-03-11,NON_GA,"[0.0, 1.0]"
hCoV-19/Germany/BE-ChVir-W1045-5646/2020|EPI_ISL_753925|2020-03-26,NON_GA,"[0.0, 0.9999999999999999]"
hCoV-19/Germany/BAV-PL-virotum_gnj4/2020|EPI_ISL_887382|2020-03-29,NON_GA,"[0.0, 1.0]"
hCoV-19/Italy/CAM-CRGS-22/2020|EPI_ISL_876987|2020-03-18,NON_GA,"[0.0, 0.9999999999999999]"
hCoV-19/France/PAC-IHU-0149/2020|EPI_ISL_569336|2020-03-21,NON_GA,"[0.0, 0.9999999999999999]"
hCoV-19/Italy/ABR-IZSGC-TE5166/2020|EPI_ISL_420563|2020-03-18,NON_GA,"[0.0, 0.9999999999999999]"
hCoV-19/Germany/BW-FR0050/2020|EPI_ISL_852796|2020-03-11,NON_GA,"[0.0, 1.0]"
hCoV-19/Germany/BE-ChVir-3170-a-4370/2020|EPI_ISL_806528|2020-03-26,NON_GA,"[0.0, 0.9999999999999999]"
hCoV-19/Italy/VEN-IZSVe-21-37/2020|EPI_ISL_422438|2020-03-25,NON_GA,"[0.0, 0.9999999999999999]"
hCoV-19/Switzerland/BL-UHB-42192943/2020|EPI_ISL_528137|2020-03-16,NON_GA,"[0.0, 1.0]"
hCoV-19/Italy/TUS-C44/2020|EPI_ISL_738147|2020-02-25,NON_GA,"[0.0, 0.9999999999999999]"
hCoV-19/Germany/BW-FR0253/2020|EPI_ISL_852688|2020-03-25,NON_GA,"[0.0, 0.9999999999999999]"
hCoV-19/Wales/PHWC-26839/2020|EPI_ISL_422070|2020-03-27,NON_GA,"[0.0, 1.0]"
hCoV-19/USA/IN-Lilly-IPB0173-09bc18/2020|EPI_ISL_911620|2020-03-26,NON_GA,"[0.0, 0.9999999999999999]"
hCoV-19/Croatia/52087_ID1647_4/2020|EPI_ISL_985405|2020-03-21,NON_GA,"[0.0, 0.9999999999999999]"
hCoV-19/Germany/BW-FR0080/2020|EPI_ISL_852778|2020-03-17,NON_GA,"[0.0, 1.0]"
hCoV-19/Germany/BW-FR0162/2020|EPI_ISL_852803|2020-03-09,NON_GA,"[0.0, 1.0]"
hCoV-19/France/ARA-12576/2020|EPI_ISL_420611|2020-03-23,NON_GA,"[0.0, 0.9999999999999999]"
hCoV-19/Italy/LOM-ASST-13/2020|EPI_ISL_486650|2020-03-17,NON_GA,"[0.0, 1.0]"
hCoV-19/Germany/BB-ChVir-W1062-7296/2020|EPI_ISL_753846|2020-03-31,NON_GA,"[0.0, 0.9999999999999999]"
hCoV-19/Germany/BW-FR0189/2020|EPI_ISL_852717|2020-03-20,NON_GA,"[0.0, 0.9999999999999999]"
hCoV-19/Belgium/ULG-10015/2020|EPI_ISL_421193|2020-03-31,NON_GA,"[0.0, 0.9999999999999999]"
hCoV-19/Spain/AS-HUCA-232025446/2020|EPI_ISL_710491|2020-03-27,NON_GA,"[0.0, 1.0]"
hCoV-19/Spain/AS-IBV-98006602/2020|EPI_ISL_654646|2020-03-13,NON_GA,"[0.0, 1.0]"
hCoV-19/Belgium/SG-0328314/2020|EPI_ISL_462168|2020-03-28,NON_GA,"[0.0, 1.0]"
hCoV-19/Germany/BW-FR0230/2020|EPI_ISL_852708|2020-03-23,NON_GA,"[0.0, 0.9999999999999999]"
hCoV-19/USA/UT-0100/2020|EPI_ISL_430038|2020-03-15,NON_GA,"[0.0, 1.0]"
hCoV-19/Netherlands/Leiden-0008/2020|EPI_ISL_482745|2020-03-23,NON_GA,"[0.0, 0.9999999999999999]"
hCoV-19/Ecuador/USFQ-004/2020|EPI_ISL_477014|2020-03-30,NON_GA,"[0.0, 0.9999999999999999]"
hCoV-19/Italy/TUS-DBM-11/2020|EPI_ISL_583955|2020-03-21,NON_GA,"[0.0, 0.9999999999999999]"
hCoV-19/Belgium/HP-0319108/2020|EPI_ISL_420364|2020-03-19,NON_GA,"[0.0, 1.0]"
hCoV-19/USA/IN-Lilly-IPB0173-01bc13/2020|EPI_ISL_902955|2020-03-21,NON_GA,"[0.0, 0.9999999999999999]"
hCoV-19/Belgium/UGent-105/2020|EPI_ISL_475065|2020-03-18,NON_GA,"[0.0, 0.9999999999999999]"
hCoV-19/Belgium/UGent-119/2020|EPI_ISL_475079|2020-03-23,NON_GA,"[0.0, 0.9999999999999999]"
hCoV-19/Switzerland/BL-UHB-42176229/2020|EPI_ISL_418282|2020-03-04,NON_GA,"[0.0, 1.0]"
hCoV-19/Ireland/LK-NVRL-19935/2020|EPI_ISL_414587|2020-03-03,NON_GA,"[0.0, 0.9999999999999999]"
hCoV-19/Belgium/ULG-8532/2020|EPI_ISL_418635|2020-03-19,NON_GA,"[0.0, 1.0]"
hCoV-19/New_Zealand/20VR1808/2020|EPI_ISL_579135|2020-03-28,NON_GA,"[0.0, 1.0]"
hCoV-19/Germany/HH-hpi-p2119/2020|EPI_ISL_776362|2020-03-22,NON_GA,"[0.0, 1.0]"
hCoV-19/Australia/NSW513/2020|EPI_ISL_455053|2020-03-28,NON_GA,"[0.0, 1.0]"
hCoV-19/Australia/NSW108/2020|EPI_ISL_427804|2020-03-19,NON_GA,"[0.0, 1.0]"
hCoV-19/France/IDF-3235/2020|EPI_ISL_420064|2020-03-23,NON_GA,"[0.0, 0.9999999999999999]"
hCoV-19/England/CAMB-75E0C/2020|EPI_ISL_438389|2020-03-29,NON_GA,"[0.0, 1.0]"
hCoV-19/Spain/VC-IBV-98003084/2020|EPI_ISL_538020|2020-03-14,NON_GA,"[0.0, 1.0]"
hCoV-19/France/PDL-SC622/2020|EPI_ISL_663265|2020-03-31,NON_GA,"[0.0, 0.9999999999999999]"
hCoV-19/France/IDF_HB_112003053402/2020|EPI_ISL_940413|2020-03-14,NON_GA,"[0.0, 1.0]"
hCoV-19/Germany/BW-UKT-a037/2020|EPI_ISL_723091|2020-03-23,NON_GA,"[0.0, 0.9999999999999999]"
hCoV-19/Italy/LOM-ASST-16/2020|EPI_ISL_486653|2020-03-20,NON_GA,"[0.0, 0.9999999999999999]"
hCoV-19/Italy/VEN-UniVR-90/2020|EPI_ISL_751398|2020-03-24,NON_GA,"[0.0, 0.9999999999999999]"
hCoV-19/Poland/PL_MCB_17/2020|EPI_ISL_645016|2020-03-28,NON_GA,"[0.0, 1.0]"
hCoV-19/Italy/LOM-UniMI-L229/2020|EPI_ISL_542216|2020-03-11,NON_GA,"[0.0, 1.0]"
hCoV-19/Italy/LOM-UniMI-L415/2020|EPI_ISL_542335|2020-03-17,NON_GA,"[0.0, 1.0]"
hCoV-19/Italy/VEN-PD01/2020|EPI_ISL_856712|2020-03-24,NON_GA,"[0.0, 0.9999999999999999]"
hCoV-19/USA/NY-PV09337/2020|EPI_ISL_450025|2020-03-18,NON_GA,"[0.0, 0.9999999999999999]"
hCoV-19/Italy/LOM-UniMI-L177/2020|EPI_ISL_542171|2020-03-16,NON_GA,"[0.0, 1.0]"
hCoV-19/Italy/LOM-UniMI-L400/2020|EPI_ISL_542322|2020-03-12,NON_GA,"[0.0, 0.9999999999999999]"
hCoV-19/England/20102000402/2020|EPI_ISL_464260|2020-03-01,NON_GA,"[0.0, 0.9999999999999999]"
hCoV-19/Italy/LOM-ASST-14/2020|EPI_ISL_486651|2020-03-24,NON_GA,"[0.0, 0.9999999999999999]"
hCoV-19/Italy/VEN-UniVR-124/2020|EPI_ISL_751424|2020-03-30,NON_GA,"[0.0, 0.9999999999999999]"
hCoV-19/France/ARA-13353/2020|EPI_ISL_508954|2020-03-24,NON_GA,"[0.0, 0.9999999999999999]"
hCoV-19/Italy/PAD-UOP-1/2020|EPI_ISL_812968|2020-03-18,NON_GA,"[0.0, 0.9999999999999999]"
hCoV-19/USA/CA-ALSR-0183/2020|EPI_ISL_529151|2020-03-25,NON_GA,"[0.0, 0.9999999999999999]"
hCoV-19/Germany/BB-ChVir-W1129-7275/2020|EPI_ISL_753850|2020-03-31,NON_GA,"[0.0, 0.9999999999999999]"
hCoV-19/Switzerland/BS-UHB-42183147/2020|EPI_ISL_527967|2020-03-09,NON_GA,"[0.0, 1.0]"
hCoV-19/Switzerland/BS-42207989/2020|EPI_ISL_581757|2020-03-26,NON_GA,"[0.0, 0.9999999999999999]"
hCoV-19/Italy/CAM-CRGS-45/2020|EPI_ISL_877009|2020-03-25,NON_GA,"[0.0, 0.9999999999999999]"
hCoV-19/USA/IN-Lilly-IPB0173-08bc05/2020|EPI_ISL_911567|2020-03-20,NON_GA,"[0.0, 0.9999999999999999]"
hCoV-19/Italy/LOM-UniMI-L273/2020|EPI_ISL_542239|2020-02-25,NON_GA,"[0.0, 0.9999999999999999]"
hCoV-19/Italy/VEN-IZSVe-20RS2273-6_TV/2020|EPI_ISL_1260892|2020-03-12,NON_GA,"[0.0, 0.9999999999999999]"
hCoV-19/Italy/PIE-SLL-MS46/2020|EPI_ISL_569867|2020-02-22,NON_GA,"[0.0, 1.0]"
hCoV-19/Germany/NW-UBI-11/2020|EPI_ISL_602292|2020-03-27,NON_GA,"[0.0, 1.0]"
hCoV-19/USA/IN-Lilly-IPB0173-12bc15/2020|EPI_ISL_911753|2020-03-26,NON_GA,"[0.0, 0.9999999999999999]"
hCoV-19/Italy/LOM-UniMI-L486/2020|EPI_ISL_542394|2020-03-17,NON_GA,"[0.0, 1.0]"
hCoV-19/Italy/LOM-UniMI-L386/2020|EPI_ISL_542309|2020-03-09,NON_GA,"[0.0, 1.0]"
hCoV-19/Italy/LOM-UniMI-L170/2020|EPI_ISL_542164|2020-03-20,NON_GA,"[0.0, 0.9999999999999999]"
hCoV-19/Italy/LOM-UniMI-L406/2020|EPI_ISL_542327|2020-03-16,NON_GA,"[0.0, 1.0]"
hCoV-19/Italy/LOM-UniMI-L364/2020|EPI_ISL_542296|2020-03-06,NON_GA,"[0.0, 1.0]"
hCoV-19/Italy/LOM-UniMI-L242/2020|EPI_ISL_542220|2020-03-09,NON_GA,"[0.0, 1.0]"
hCoV-19/Italy/LOM-UniMI-L226/2020|EPI_ISL_542213|2020-03-14,NON_GA,"[0.0, 1.0]"
hCoV-19/Italy/LOM-UniMI-L387/2020|EPI_ISL_542310|2020-03-09,NON_GA,"[0.0, 1.0]"
hCoV-19/Italy/LOM-UniMI-L173/2020|EPI_ISL_542167|2020-03-19,NON_GA,"[0.0, 1.0]"
hCoV-19/Italy/LOM-UniMI-L106/2020|EPI_ISL_542104|2020-03-09,NON_GA,"[0.0, 1.0]"
hCoV-19/Italy/LOM-UniMI-L329/2020|EPI_ISL_542276|2020-03-02,NON_GA,"[0.0, 1.0]"
hCoV-19/Italy/LOM-UniMI-L156/2020|EPI_ISL_542151|2020-03-19,NON_GA,"[0.0, 1.0]"
hCoV-19/Italy/LOM-UniMI-L469/2020|EPI_ISL_542382|2020-03-28,NON_GA,"[0.0, 1.0]"
hCoV-19/Italy/LOM-UniMI-L136/2020|EPI_ISL_542132|2020-03-22,NON_GA,"[0.0, 1.0]"
hCoV-19/Italy/LOM-UniMI-L252/2020|EPI_ISL_542224|2020-02-22,NON_GA,"[0.0, 1.0]"
hCoV-19/Italy/LOM-UniMI-L410/2020|EPI_ISL_542330|2020-03-03,NON_GA,"[0.0, 0.9999999999999999]"
hCoV-19/Italy/LOM-UniMI-L171/2020|EPI_ISL_542165|2020-03-21,NON_GA,"[0.0, 0.9999999999999999]"
hCoV-19/Italy/LOM-UniMI-L165/2020|EPI_ISL_542159|2020-03-18,NON_GA,"[0.0, 0.9999999999999999]"
hCoV-19/Italy/LOM-UniMI-L109/2020|EPI_ISL_542107|2020-03-10,NON_GA,"[0.0, 1.0]"
hCoV-19/Italy/LOM-UniMI-L185/2020|EPI_ISL_542176|2020-03-19,NON_GA,"[0.0, 1.0]"
hCoV-19/Italy/LOM-UniMI-L215/2020|EPI_ISL_542202|2020-03-12,NON_GA,"[0.0, 0.9999999999999999]"
hCoV-19/Italy/LOM-UniMI-L128/2020|EPI_ISL_542124|2020-03-23,NON_GA,"[0.0, 0.9999999999999999]"
hCoV-19/Italy/LOM-UniMI-L191/2020|EPI_ISL_542181|2020-03-21,NON_GA,"[0.0, 0.9999999999999999]"
hCoV-19/Italy/LOM-UniMI-L251/2020|EPI_ISL_542223|2020-02-22,NON_GA,"[0.0, 1.0]"
hCoV-19/Italy/LOM-UniMI-L317/2020|EPI_ISL_542268|2020-03-01,NON_GA,"[0.0, 0.9999999999999999]"
hCoV-19/Italy/LOM-UniMI-L311/2020|EPI_ISL_542264|2020-03-01,NON_GA,"[0.0, 0.9999999999999999]"
hCoV-19/Italy/LOM-UniMI-L302/2020|EPI_ISL_542261|2020-02-29,NON_GA,"[0.0, 1.0]"
hCoV-19/Italy/LOM-UniMI-L492/2020|EPI_ISL_542397|2020-03-20,NON_GA,"[0.0, 0.9999999999999999]"
hCoV-19/Italy/LOM-UniMI-L289/2020|EPI_ISL_542253|2020-02-29,NON_GA,"[0.0, 1.0]"
hCoV-19/Italy/LOM-UniMI-L402/2020|EPI_ISL_542324|2020-03-13,NON_GA,"[0.0, 1.0]"
hCoV-19/Italy/LOM-UniMI-L192/2020|EPI_ISL_542182|2020-03-21,NON_GA,"[0.0, 0.9999999999999999]"
hCoV-19/Italy/LOM-UniMI-L458/2020|EPI_ISL_542375|2020-03-25,NON_GA,"[0.0, 0.9999999999999999]"
hCoV-19/Italy/LOM-UniMI-L71/2020|EPI_ISL_542417|2020-03-04,NON_GA,"[0.0, 1.0]"
hCoV-19/Germany/BE-ChVir-D717-D761-12/2020|EPI_ISL_516640|2020-03-07,NON_GA,"[0.0, 1.0]"
hCoV-19/USA/OH-USAFSAM-S042/2020|EPI_ISL_512807|2020-03-26,NON_GA,"[0.0, 0.9999999999999999]"
hCoV-19/Spain/CT-ISCIII-202044/2020|EPI_ISL_539549|2020-03-03,NON_GA,"[0.0, 0.9999999999999999]"
hCoV-19/Italy/LOM-UniMI-L401/2020|EPI_ISL_542323|2020-03-14,NON_GA,"[0.0, 1.0]"
hCoV-19/Switzerland/BE-UNIBE-159-9400/2020|EPI_ISL_574799|2020-03-14,NON_GA,"[0.0, 1.0]"
hCoV-19/Austria/CeMM0292/2020|EPI_ISL_438116|2020-03-27,NON_GA,"[0.0, 1.0]"
hCoV-19/Scotland/CVR57/2020|EPI_ISL_425787|2020-03-12,NON_GA,"[0.0, 0.9999999999999999]"
hCoV-19/France/PAC-IHU-0093/2020|EPI_ISL_569304|2020-03-22,NON_GA,"[0.0, 1.0]"
hCoV-19/France/ARA-SC031/2020|EPI_ISL_666659|2020-03-24,NON_GA,"[0.0, 0.9999999999999999]"
hCoV-19/England/201040706/2020|EPI_ISL_464343|2020-03-04,NON_GA,"[0.0, 1.0]"
hCoV-19/Switzerland/BS-ETHZ-100083/2020|EPI_ISL_451675|2020-03-13,NON_GA,"[0.0, 1.0]"
hCoV-19/Italy/LOM-UniMI-L261/2020|EPI_ISL_542231|2020-02-24,NON_GA,"[0.0, 0.9999999999999999]"
hCoV-19/Italy/LOM-UniMI-L352/2020|EPI_ISL_542288|2020-03-05,NON_GA,"[0.0, 1.0]"
hCoV-19/Germany/SH-ChVir2114/2020|EPI_ISL_729507|2020-03-15,NON_GA,"[0.0, 1.0]"
hCoV-19/Germany/HH-hpi-p1843/2020|EPI_ISL_776194|2020-03-22,NON_GA,"[0.0, 1.0]"
hCoV-19/Germany/SH-ChVir3037/2020|EPI_ISL_729518|2020-03-17,NON_GA,"[0.0, 1.0]"
hCoV-19/Luxembourg/LNS5358505/2020|EPI_ISL_429735|2020-03-20,NON_GA,"[0.0, 0.9999999999999999]"
hCoV-19/Austria/CeMM0300/2020|EPI_ISL_475776|2020-03-27,NON_GA,"[0.0, 1.0]"
hCoV-19/Poland/PL_P40/2020|EPI_ISL_455453|2020-03-05,NON_GA,"[0.0, 1.0]"
hCoV-19/Italy/LOM-AMVRC-9/2020|EPI_ISL_486665|2020-03-03,NON_GA,"[0.0, 0.9999999999999999]"
hCoV-19/France/NAQ-SC204/2020|EPI_ISL_649958|2020-03-06,NON_GA,"[0.0, 1.0]"
hCoV-19/France/ARA-SC348/2020|EPI_ISL_660341|2020-03-18,NON_GA,"[0.0, 0.9999999999999999]"
hCoV-19/Italy/APU-UniMI-847/2020|EPI_ISL_469022|2020-03-20,NON_GA,"[0.0, 0.9999999999999999]"
hCoV-19/Italy/LOM-UniMI-L158/2020|EPI_ISL_542153|2020-03-19,NON_GA,"[0.0, 1.0]"
hCoV-19/USA/MN-MDH-1482/2020|EPI_ISL_518876|2020-03-21,NON_GA,"[0.0, 0.9999999999999999]"
hCoV-19/Switzerland/BS-ETHZ-100018/2020|EPI_ISL_466942|2020-03-08,NON_GA,"[0.0, 1.0]"
hCoV-19/France/ARA-650/2020|EPI_ISL_416752|2020-03-04,NON_GA,"[0.0, 1.0]"
hCoV-19/Italy/LOM-UniMI-L78/2020|EPI_ISL_542423|2020-03-06,NON_GA,"[0.0, 1.0]"
hCoV-19/France/NAQ-SC219/2020|EPI_ISL_645170|2020-03-28,NON_GA,"[0.0, 1.0]"
hCoV-19/Germany/BE-ChVir-D670-9/2020|EPI_ISL_516637|2020-03-07,NON_GA,"[0.0, 1.0]"
hCoV-19/USA/IN-QDX-2619/2020|EPI_ISL_604935|2020-03-15,NON_GA,"[0.0, 1.0]"
hCoV-19/Canada/NB-206/2020|EPI_ISL_479627|2020-03-27,NON_GA,"[0.0, 1.0]"
hCoV-19/Scotland/CVR1030/2020|EPI_ISL_438754|2020-03-30,NON_GA,"[0.0, 0.9999999999999999]"
hCoV-19/Switzerland/BS-42209528/2020|EPI_ISL_581780|2020-03-27,NON_GA,"[0.0, 1.0]"
hCoV-19/Italy/ABR-IZSGC-TE5687/2020|EPI_ISL_436723|2020-03-20,NON_GA,"[0.0, 0.9999999999999999]"
hCoV-19/Italy/TUS-C266/2020|EPI_ISL_738243|2020-03-03,NON_GA,"[0.0, 0.9999999999999999]"
hCoV-19/Italy/CAM-CRGS-29/2020|EPI_ISL_876993|2020-03-18,NON_GA,"[0.0, 0.9999999999999999]"
hCoV-19/Portugal/PT1393/2020|EPI_ISL_511352|2020-03-27,NON_GA,"[0.0, 1.0]"
hCoV-19/Germany/NW-HHU-78/2020|EPI_ISL_523949|2020-03-07,NON_GA,"[0.0, 1.0]"
hCoV-19/France/IDF_HB_112003096373/2020|EPI_ISL_940507|2020-03-27,NON_GA,"[0.0, 1.0]"
hCoV-19/Switzerland/BS-UHB-42190378/2020|EPI_ISL_528070|2020-03-13,NON_GA,"[0.0, 1.0]"
hCoV-19/Netherlands/NA_630/2020|EPI_ISL_461065|2020-03-29,NON_GA,"[0.0, 1.0]"
hCoV-19/France/NAQ-SC271/2020|EPI_ISL_663220|2020-03-25,NON_GA,"[0.0, 0.9999999999999999]"
hCoV-19/Malaysia/UNIMAS-0172/2020|EPI_ISL_718150|2020-03-31,NON_GA,"[0.0, 0.9999999999999999]"
hCoV-19/Austria/CeMM0265/2020|EPI_ISL_438094|2020-03-23,NON_GA,"[0.0, 0.9999999999999999]"
hCoV-19/England/20118175304/2020|EPI_ISL_464996|2020-03-12,NON_GA,"[0.0, 0.9999999999999999]"
hCoV-19/Germany/BAV-PL-virotum_hbkr/2020|EPI_ISL_887383|2020-03-26,NON_GA,"[0.0, 0.9999999999999999]"
hCoV-19/France/PAC-IHU-0225/2020|EPI_ISL_569388|2020-03-29,NON_GA,"[0.0, 1.0]"
hCoV-19/Switzerland/GR-ETHZ-100810/2020|EPI_ISL_451760|2020-03-26,NON_GA,"[0.0, 0.9999999999999999]"
hCoV-19/Italy/LOM-UniMI-L433/2020|EPI_ISL_542352|2020-03-20,NON_GA,"[0.0, 0.9999999999999999]"
hCoV-19/Germany/BY-UHR-4ZK/2020|EPI_ISL_513301|2020-03-21,NON_GA,"[0.0, 0.9999999999999999]"
hCoV-19/France/NAQ-SC269/2020|EPI_ISL_663218|2020-03-24,NON_GA,"[0.0, 0.9999999999999999]"
NODE_0004585,NON_GA,"[0.0017330378497398306, 0.9982669621502601]"
hCoV-19/Italy/LOM-INMI-9214/2020|EPI_ISL_460088|2020-02-26,NON_GA,"[0.0, 1.0]"
hCoV-19/USA/MI-MDHHS-SC21904/2020|EPI_ISL_565965|2020-03-26,NON_GA,"[0.0, 1.0]"
NODE_0004125,NON_GA,"[0.008168256622244765, 0.9918317433777553]"
hCoV-19/Italy/VEN-UniVR-66/2020|EPI_ISL_751375|2020-03-14,NON_GA,"[0.0, 0.9999999999999999]"
hCoV-19/Switzerland/SG-ETHZ-100152/2020|EPI_ISL_451736|2020-03-16,NON_GA,"[0.0, 1.0]"
NODE_0004024,NON_GA,"[0.005565187773575758, 0.9944348122264243]"
hCoV-19/Belgium/MBLG51240/2020|EPI_ISL_1029971|2020-03-20,NON_GA,"[0.0, 0.9999999999999999]"
hCoV-19/Belgium/Rega-0329229/2020|EPI_ISL_458199|2020-03-29,NON_GA,"[0.0, 1.0]"
NODE_0004025,NON_GA,"[0.006342340444191063, 0.993657659555809]"
hCoV-19/Germany/NW-ChVir-W1049-5662/2020|EPI_ISL_754047|2020-03-26,NON_GA,"[0.0, 1.0]"
hCoV-19/France/OCC-SC484/2020|EPI_ISL_660684|2020-03-24,NON_GA,"[0.0, 1.0]"
NODE_0003978,NON_GA,"[0.0061346017779497705, 0.9938653982220502]"
hCoV-19/France/PAC-IHU-0158/2020|EPI_ISL_569341|2020-03-24,NON_GA,"[0.0, 1.0]"
hCoV-19/France/ARA-SC325/2020|EPI_ISL_660329|2020-03-24,NON_GA,"[0.0, 1.0]"
NODE_0003975,NON_GA,"[0.00701368716892732, 0.9929863128310727]"
hCoV-19/France/ARA-06625/2020|EPI_ISL_417337|2020-03-07,NON_GA,"[0.0, 0.9999999999999999]"
hCoV-19/France/ARA-12265/2020|EPI_ISL_419186|2020-03-22,NON_GA,"[0.0, 1.0]"
NODE_0003973,NON_GA,"[0.0002729871569370683, 0.9997270128430629]"
hCoV-19/Italy/LOM-UniMI10/2020|EPI_ISL_779714|2020-03-11,NON_GA,"[0.0, 1.0]"
hCoV-19/Italy/LOM-UniMI-L196/2020|EPI_ISL_542186|2020-03-22,NON_GA,"[0.0, 1.0]"
NODE_0003900,NON_GA,"[0.009967015719593793, 0.9900329842804062]"
hCoV-19/France/ARA-12269/2020|EPI_ISL_419187|2020-03-22,NON_GA,"[0.0, 1.0]"
hCoV-19/Spain/VC-FISABIO-656/2020|EPI_ISL_455730|2020-03-31,NON_GA,"[0.0, 1.0]"
NODE_0003876,NON_GA,"[0.0014303127973351694, 0.9985696872026648]"
hCoV-19/Luxembourg/LNS8188502/2020|EPI_ISL_419598|2020-03-14,NON_GA,"[0.0, 1.0]"
hCoV-19/Luxembourg/LNS9371718/2020|EPI_ISL_417526|2020-03-18,NON_GA,"[0.0, 1.0]"
NODE_0003850,NON_GA,"[0.005217154562331774, 0.9947828454376682]"
hCoV-19/Portugal/PT0438/2020|EPI_ISL_454162|2020-03-22,NON_GA,"[0.0, 1.0]"
hCoV-19/Crimea/SRC-80603/2020|EPI_ISL_428901|2020-03-23,NON_GA,"[0.0, 1.0]"
NODE_0003842,NON_GA,"[0.002436262611229541, 0.9975637373887704]"
hCoV-19/USA/NY-Wadsworth-21196-01/2020|EPI_ISL_525620|2020-03-18,NON_GA,"[0.0, 1.0]"
hCoV-19/France/NAQ-SC252/2020|EPI_ISL_663206|2020-03-16,NON_GA,"[0.0, 1.0]"
NODE_0003839,NON_GA,"[0.00010549606772467258, 0.9998945039322753]"
hCoV-19/Italy/LAZ-AMC-6-1993/2020|EPI_ISL_856876|2020-03-10,NON_GA,"[0.0, 0.9999999999999999]"
hCoV-19/Italy/LAZ-AMC-9-3476/2020|EPI_ISL_856878|2020-03-13,NON_GA,"[0.0, 1.0]"
NODE_0003808,NON_GA,"[0.004950545868541474, 0.9950494541314585]"
hCoV-19/Italy/LOM-UniMI-L199/2020|EPI_ISL_542189|2020-03-21,NON_GA,"[0.0, 1.0]"
hCoV-19/Belgium/MC-0323129/2020|EPI_ISL_420386|2020-03-23,NON_GA,"[0.0, 1.0]"
NODE_0003792,NON_GA,"[0.00010541342379425894, 0.9998945865762057]"
hCoV-19/Italy/TUS-UniSi04/2020|EPI_ISL_803883|2020-03-12,NON_GA,"[0.0, 1.0]"
hCoV-19/England/20110003506/2020|EPI_ISL_415150|2020-03-09,NON_GA,"[0.0, 1.0]"
NODE_0003790,NON_GA,"[0.006737164823361349, 0.9932628351766386]"
hCoV-19/Spain/VC-FISABIO-202/2020|EPI_ISL_436297|2020-03-25,NON_GA,"[0.0, 0.9999999999999999]"
hCoV-19/Switzerland/BS-42208299/2020|EPI_ISL_581767|2020-03-26,NON_GA,"[0.0, 1.0]"
NODE_0003786,NON_GA,"[0.0051818627200460035, 0.9948181372799539]"
hCoV-19/Shandong/2020C1240745/2020|EPI_ISL_962528|2020-03-22,NON_GA,"[0.0, 1.0]"
hCoV-19/Taiwan/TSGH-07/2020|EPI_ISL_427394|2020-03-22,NON_GA,"[0.0, 1.0]"
NODE_0003752,NON_GA,"[0.0017231535134755417, 0.9982768464865245]"
hCoV-19/Switzerland/BE-ETHZ-100113/2020|EPI_ISL_451697|2020-03-16,NON_GA,"[0.0, 1.0]"
hCoV-19/Switzerland/BE-ETHZ-100161/2020|EPI_ISL_574914|2020-03-16,NON_GA,"[0.0, 1.0]"
NODE_0003592,NON_GA,"[0.005355649769804235, 0.9946443502301958]"
hCoV-19/France/ARA-SC303/2020|EPI_ISL_649942|2020-03-21,NON_GA,"[0.0, 1.0]"
hCoV-19/France/ARA-13515/2020|EPI_ISL_508957|2020-03-24,NON_GA,"[0.0, 1.0]"
NODE_0003589,NON_GA,"[0.005223516760763321, 0.9947764832392366]"
hCoV-19/Finland/23MS4D10/2020|EPI_ISL_1240127|2020-03-23,NON_GA,"[0.0, 0.9999999999999999]"
hCoV-19/Finland/22MS6F86/2020|EPI_ISL_1233221|2020-03-22,NON_GA,"[0.0, 1.0]"
NODE_0003584,NON_GA,"[0.005665370336300177, 0.9943346296636999]"
hCoV-19/Italy/LOM-UniMI-L334/2020|EPI_ISL_542279|2020-03-03,NON_GA,"[0.0, 1.0]"
hCoV-19/Italy/TUS-UniSi08/2020|EPI_ISL_803887|2020-03-27,NON_GA,"[0.0, 1.0]"
NODE_0003579,NON_GA,"[0.008494374094338135, 0.9915056259056618]"
hCoV-19/Italy/CAM-TIGEM-666/2020|EPI_ISL_778687|2020-03-31,NON_GA,"[0.0, 1.0]"
hCoV-19/Italy/CAM-TIGEM-668/2020|EPI_ISL_778689|2020-03-31,NON_GA,"[0.0, 1.0]"
NODE_0003575,NON_GA,"[0.0051791603093451245, 0.9948208396906549]"
hCoV-19/Italy/LOM-UniMI-L428/2020|EPI_ISL_542347|2020-03-05,NON_GA,"[0.0, 0.9999999999999999]"
hCoV-19/Italy/LOM-UniMI-L385/2020|EPI_ISL_542308|2020-03-09,NON_GA,"[0.0, 1.0]"
NODE_0003569,NON_GA,"[0.006290873382886156, 0.9937091266171137]"
hCoV-19/Italy/LOM-UniMI-L80/2020|EPI_ISL_542425|2020-03-10,NON_GA,"[0.0, 1.0]"
hCoV-19/Italy/LOM-UniMI09/2020|EPI_ISL_779713|2020-02-24,NON_GA,"[0.0, 1.0]"
NODE_0003571,NON_GA,"[0.007149620150257684, 0.9928503798497423]"
hCoV-19/Italy/FVG-ICGEB-bal1A/2020|EPI_ISL_479616|2020-03-27,NON_GA,"[0.0, 1.0]"
hCoV-19/Italy/FVG-ICGEB-bal1B/2020|EPI_ISL_479617|2020-03-27,NON_GA,"[0.0, 1.0]"
NODE_0003551,NON_GA,"[0.002463916113369608, 0.9975360838866303]"
hCoV-19/Italy/LAZ-INMI10/2020|EPI_ISL_424344|2020-03-04,NON_GA,"[0.0, 1.0]"
hCoV-19/Italy/LOM-INMI-12578/2020|EPI_ISL_460093|2020-02-29,NON_GA,"[0.0, 1.0]"
NODE_0003535,NON_GA,"[0.008689327662976584, 0.9913106723370233]"
hCoV-19/Germany/BW-FR0109/2020|EPI_ISL_852732|2020-03-15,NON_GA,"[0.0, 0.9999999999999999]"
hCoV-19/Italy/LOM-UniMI-L491/2020|EPI_ISL_542396|2020-03-20,NON_GA,"[0.0, 1.0]"
NODE_0003531,NON_GA,"[0.006838219599995673, 0.9931617804000042]"
hCoV-19/France/IDF_HB_112003081573/2020|EPI_ISL_940489|2020-03-23,NON_GA,"[0.0, 1.0]"
hCoV-19/France/IDF_HB_112003105783/2020|EPI_ISL_940236|2020-03-30,NON_GA,"[0.0, 1.0]"
NODE_0003524,NON_GA,"[0.00954642106700879, 0.9904535789329912]"
hCoV-19/Italy/VEN-IZSVe-6-47/2020|EPI_ISL_636474|2020-03-22,NON_GA,"[0.0, 1.0]"
hCoV-19/Italy/VEN-UniVR-81/2020|EPI_ISL_751390|2020-03-22,NON_GA,"[0.0, 1.0]"
NODE_0003523,NON_GA,"[0.00421865244279651, 0.9957813475572036]"
hCoV-19/Belgium/SS-031047/2020|EPI_ISL_418793|2020-03-10,NON_GA,"[0.0, 1.0]"
hCoV-19/Italy/LOM-UniMI-L327/2020|EPI_ISL_542274|2020-03-02,NON_GA,"[0.0, 1.0]"
NODE_0003514,NON_GA,"[0.008404008051985334, 0.9915959919480145]"
hCoV-19/France/NAQ-SC278/2020|EPI_ISL_645182|2020-03-31,NON_GA,"[0.0, 1.0]"
hCoV-19/France/NAQ-SC282/2020|EPI_ISL_644675|2020-03-31,NON_GA,"[0.0, 1.0]"
NODE_0003470,NON_GA,"[3.8658801788179634e-05, 0.9999613411982118]"
hCoV-19/France/ARA-SC149/2020|EPI_ISL_700349|2020-03-09,NON_GA,"[0.0, 0.9999999999999999]"
hCoV-19/France/ARA-SC154/2020|EPI_ISL_634822|2020-03-10,NON_GA,"[0.0, 1.0]"
NODE_0004586,NON_GA,"[0.006864075437975728, 0.9931359245620243]"
hCoV-19/Germany/TH-IIMK-CaSe-23/2020|EPI_ISL_763088|2020-03-24,NON_GA,"[0.0, 1.0]"
hCoV-19/Italy/CAM-CRGS-544/2021|EPI_ISL_1361596|2020-03-14,NON_GA,"[0.0, 1.0]"
hCoV-19/Tunisia/4107/2020|EPI_ISL_683329|2020-03-18,NON_GA,"[0.0, 1.0]"
NODE_0003980,NON_GA,"[3.365257033426069e-05, 0.9999663474296657]"
hCoV-19/Italy/VEN-UniVR-59/2020|EPI_ISL_751369|2020-03-13,NON_GA,"[0.0, 1.0]"
hCoV-19/Italy/VEN-UniVR-61/2020|EPI_ISL_751371|2020-03-13,NON_GA,"[0.0, 1.0]"
hCoV-19/Italy/VEN-UniVR-50/2020|EPI_ISL_751360|2020-03-12,NON_GA,"[0.0, 0.9999999999999999]"
NODE_0003881,NON_GA,"[0.0054653280728371445, 0.9945346719271628]"
hCoV-19/Germany/BAV-PL-virotum_0z2s/2020|EPI_ISL_887357|2020-03-29,NON_GA,"[0.0, 1.0]"
hCoV-19/Germany/BAV-PL-virotum_8tam/2020|EPI_ISL_887370|2020-03-25,NON_GA,"[0.0, 1.0]"
hCoV-19/Germany/BAV-PL-virotum_uh9o/2020|EPI_ISL_887410|2020-03-26,NON_GA,"[0.0, 1.0]"
NODE_0003878,NON_GA,"[0.005465653479787094, 0.9945343465202129]"
hCoV-19/Italy/LOM-UniMI-L363/2020|EPI_ISL_542295|2020-03-06,NON_GA,"[0.0, 1.0]"
hCoV-19/Italy/LOM-UniMI-L423/2020|EPI_ISL_542342|2020-03-19,NON_GA,"[0.0, 0.9999999999999999]"
hCoV-19/Italy/LOM-UniMI-L451/2020|EPI_ISL_542369|2020-03-13,NON_GA,"[0.0, 1.0]"
NODE_0003861,NON_GA,"[0.007593893113132216, 0.9924061068868679]"
hCoV-19/Italy/VEN-UniVR-89/2020|EPI_ISL_751397|2020-03-24,NON_GA,"[0.0, 1.0]"
hCoV-19/Italy/VEN-UniVR-7/2020|EPI_ISL_492986|2020-03-10,NON_GA,"[0.0, 1.0]"
hCoV-19/Italy/VEN-UniVR-100/2020|EPI_ISL_751406|2020-03-25,NON_GA,"[0.0, 1.0]"
NODE_0003834,NON_GA,"[0.003996487240905252, 0.9960035127590947]"
hCoV-19/England/BRIS-130CA8/2020|EPI_ISL_492607|2020-03-22,NON_GA,"[0.0, 1.0]"
hCoV-19/England/BRIS-12230E/2020|EPI_ISL_439959|2020-03-23,NON_GA,"[0.0, 1.0]"
hCoV-19/England/BRIS-124858/2020|EPI_ISL_443714|2020-03-25,NON_GA,"[0.0, 1.0]"
NODE_0003793,NON_GA,"[0.007123251817989854, 0.9928767481820102]"
hCoV-19/Germany/BW-UKT-a043/2020|EPI_ISL_723097|2020-03-24,NON_GA,"[0.0, 1.0]"
NODE_0003794,NON_GA,"[0.006750193552576848, 0.9932498064474232]"
hCoV-19/Germany/NI-IOV-P5839/2020|EPI_ISL_883187|2020-03-25,NON_GA,"[0.0, 1.0]"
hCoV-19/Germany/NI-IOV-P6127/2020|EPI_ISL_883189|2020-03-26,NON_GA,"[0.0, 1.0]"
NODE_0003756,NON_GA,"[6.575791071890879e-06, 0.9999934242089281]"
hCoV-19/USA/FL-BPHL-0394/2020|EPI_ISL_489803|2020-03-15,NON_GA,"[0.0, 0.9999999999999999]"
hCoV-19/USA/IA-CDC-4052/2020|EPI_ISL_647998|2020-03-09,NON_GA,"[0.0, 0.9999999999999999]"
hCoV-19/USA/MN-CDC-KCCH-3700/2020|EPI_ISL_812198|2020-03-09,NON_GA,"[0.0, 0.9999999999999999]"
NODE_0003753,NON_GA,"[0.0020182170701828397, 0.9979817829298172]"
hCoV-19/USA/FL-BPHL-0674/2020|EPI_ISL_509732|2020-03-24,NON_GA,"[0.0, 1.0]"
hCoV-19/USA/ME-HETL-J0058/2020|EPI_ISL_513469|2020-03-17,NON_GA,"[0.0, 1.0]"
hCoV-19/USA/ME-QDX-649/2020|EPI_ISL_571311|2020-03-18,NON_GA,"[0.0, 0.9999999999999999]"
NODE_0003594,NON_GA,"[0.008645205519069658, 0.9913547944809303]"
hCoV-19/Germany/BW-FR0239/2020|EPI_ISL_852699|2020-03-24,NON_GA,"[0.0, 1.0]"
hCoV-19/Scotland/CVR165/2020|EPI_ISL_425704|2020-03-17,NON_GA,"[0.0, 0.9999999999999999]"
hCoV-19/Italy/LOM-UniMI-L463/2020|EPI_ISL_542379|2020-03-23,NON_GA,"[0.0, 1.0]"
NODE_0003585,NON_GA,"[0.002887135658944602, 0.9971128643410553]"
hCoV-19/France/ARA-10189/2020|EPI_ISL_418424|2020-03-17,NON_GA,"[0.0, 1.0]"
hCoV-19/France/ARA-13160/2020|EPI_ISL_420624|2020-03-24,NON_GA,"[0.0, 1.0]"
hCoV-19/France/ARA-15224/2020|EPI_ISL_508902|2020-03-27,NON_GA,"[0.0, 1.0]"
NODE_0003562,NON_GA,"[0.0089561345320243, 0.9910438654679757]"
hCoV-19/Turkey/HSGM-12059/2020|EPI_ISL_437335|2020-03-25,NON_GA,"[0.0, 0.9999999999999999]"
hCoV-19/Germany/NI-IOV-60136842/2020|EPI_ISL_883160|2020-03-19,NON_GA,"[0.0, 1.0]"
hCoV-19/South_Africa/NHLS-UCT-GS-0055/2020|EPI_ISL_1040822|2020-03-24,NON_GA,"[0.0, 1.0]"
NODE_0003555,NON_GA,"[0.005729327777185278, 0.9942706722228147]"
hCoV-19/Denmark/DCGC-925/2020|EPI_ISL_614535|2020-03-30,NON_GA,"[0.0, 0.9999999999999999]"
hCoV-19/Italy/BAS-UniMI-2167/2020|EPI_ISL_477199|2020-03-23,NON_GA,"[0.0, 1.0]"
hCoV-19/Denmark/ALAB-SSI-890/2020|EPI_ISL_444958|2020-03-31,NON_GA,"[0.0, 1.0]"
NODE_0003527,NON_GA,"[0.005107746834064542, 0.9948922531659354]"
hCoV-19/United_Arab_Emirates/L5621/2020|EPI_ISL_435136|2020-03-11,NON_GA,"[0.0, 1.0]"
NODE_0003528,NON_GA,"[0.00107081272239262, 0.9989291872776074]"
hCoV-19/Sweden/20-50123/2020|EPI_ISL_429139|2020-03-06,NON_GA,"[0.0, 1.0]"
hCoV-19/Sweden/20-50173/2020|EPI_ISL_429148|2020-03-08,NON_GA,"[0.0, 0.9999999999999999]"
NODE_0004497,NON_GA,"[0.0004939370096738148, 0.9995060629903262]"
hCoV-19/Italy/LOM-INMI-8058/2020|EPI_ISL_460094|2020-02-25,NON_GA,"[0.0, 1.0]"
NODE_0004498,NON_GA,"[0.004491625586113585, 0.9955083744138864]"
hCoV-19/Italy/LOM-UniMI-L457/2020|EPI_ISL_542374|2020-03-25,NON_GA,"[0.0, 1.0]"
hCoV-19/Italy/LOM-UniMI-L455/2020|EPI_ISL_542373|2020-03-25,NON_GA,"[0.0, 1.0]"
hCoV-19/Italy/LOM-UniMI-L477/2020|EPI_ISL_542390|2020-03-31,NON_GA,"[0.0, 0.9999999999999999]"
NODE_0004137,NON_GA,"[0.006545808852063791, 0.9934541911479363]"
hCoV-19/Italy/LOM-UniMI-L217/2020|EPI_ISL_542204|2020-03-15,NON_GA,"[0.0, 1.0]"
NODE_0004138,NON_GA,"[0.0001322746768799661, 0.9998677253231201]"
hCoV-19/Italy/LOM-UniMI-L216/2020|EPI_ISL_542203|2020-03-13,NON_GA,"[0.0, 1.0]"
hCoV-19/Italy/LOM-UniMI-L208/2020|EPI_ISL_542196|2020-03-07,NON_GA,"[0.0, 0.9999999999999999]"
hCoV-19/Italy/LOM-UniMI-L183/2020|EPI_ISL_542174|2020-03-21,NON_GA,"[0.0, 1.0]"
NODE_0004078,NON_GA,"[0.0056639358337121914, 0.9943360641662878]"
hCoV-19/Austria/CeMM0449/2020|EPI_ISL_475866|2020-03-05,NON_GA,"[0.0, 1.0]"
hCoV-19/Belgium/ULG-9715/2020|EPI_ISL_418656|2020-03-22,NON_GA,"[0.0, 1.0]"
hCoV-19/Israel/990059252/2020|EPI_ISL_447268|2020-03-25,NON_GA,"[0.0, 0.9999999999999999]"
hCoV-19/Belgium/OS-0325137/2020|EPI_ISL_420394|2020-03-25,NON_GA,"[0.0, 0.9999999999999999]"
NODE_0004020,NON_GA,"[0.008286296828964939, 0.991713703171035]"
hCoV-19/France/IDF_PSL_199/2020|EPI_ISL_1015082|2020-03-20,NON_GA,"[0.0, 1.0]"
hCoV-19/France/IDF_PSL_216/2020|EPI_ISL_1015234|2020-03-18,NON_GA,"[0.0, 0.9999999999999999]"
NODE_0004022,NON_GA,"[0.006346405467387521, 0.9936535945326125]"
hCoV-19/Argentina/C3013/2020|EPI_ISL_420598|2020-03-22,NON_GA,"[0.0, 1.0]"
hCoV-19/Netherlands/NA_289/2020|EPI_ISL_422598|2020-03-31,NON_GA,"[0.0, 1.0]"
NODE_0004015,NON_GA,"[0.007754705044660425, 0.9922452949553395]"
hCoV-19/Italy/VEN-UniVR-70/2020|EPI_ISL_751379|2020-03-14,NON_GA,"[0.0, 1.0]"
hCoV-19/Italy/CAM-CRGS-103/2020|EPI_ISL_883499|2020-03-23,NON_GA,"[0.0, 1.0]"
hCoV-19/France/IDF-3165/2020|EPI_ISL_420059|2020-03-21,NON_GA,"[0.0, 1.0]"
hCoV-19/England/LIVE-A7609/2020|EPI_ISL_517047|2020-03-28,NON_GA,"[0.0, 1.0]"
NODE_0003812,NON_GA,"[0.002134561336047427, 0.9978654386639525]"
hCoV-19/Netherlands/NA_275/2020|EPI_ISL_422586|2020-03-30,NON_GA,"[0.0, 1.0]"
hCoV-19/Germany/HH-hpi-p1885/2020|EPI_ISL_776229|2020-03-24,NON_GA,"[0.0, 1.0]"
hCoV-19/Netherlands/ZuidHolland_40/2020|EPI_ISL_422912|2020-03-17,NON_GA,"[0.0, 1.0]"
hCoV-19/Netherlands/NA_156/2020|EPI_ISL_422691|2020-03-21,NON_GA,"[0.0, 1.0]"
NODE_0003779,NON_GA,"[0.008538324617715778, 0.9914616753822842]"
hCoV-19/Germany/NW-HHU-193/2020|EPI_ISL_602467|2020-03-31,NON_GA,"[0.0, 1.0]"
hCoV-19/Switzerland/BS-UHB-42203366/2020|EPI_ISL_528351|2020-03-23,NON_GA,"[0.0, 1.0]"
NODE_0003781,NON_GA,"[0.0030357845182199567, 0.99696421548178]"
hCoV-19/Switzerland/BL-ETHZ-100235/2020|EPI_ISL_574885|2020-03-18,NON_GA,"[0.0, 1.0]"
hCoV-19/Switzerland/BL-ETHZ-100342/2020|EPI_ISL_574893|2020-03-19,NON_GA,"[0.0, 1.0]"
NODE_0003747,NON_GA,"[0.0017911612206789281, 0.9982088387793211]"
hCoV-19/Sweden/20-50206/2020|EPI_ISL_455869|2020-03-06,NON_GA,"[0.0, 1.0]"
hCoV-19/Sweden/20-08092/2020|EPI_ISL_454464|2020-03-06,NON_GA,"[0.0, 1.0]"
hCoV-19/Sweden/20-50091/2020|EPI_ISL_454874|2020-03-04,NON_GA,"[0.0, 1.0]"
hCoV-19/Sweden/20-50154/2020|EPI_ISL_455861|2020-03-05,NON_GA,"[0.0, 1.0]"
NODE_0004059,NON_GA,"[0.003986927293439669, 0.9960130727065604]"
hCoV-19/Germany/HH-hpi-p1989/2020|EPI_ISL_776307|2020-03-27,NON_GA,"[0.0, 1.0]"
hCoV-19/Sweden/20-08170/2020|EPI_ISL_429124|2020-03-12,NON_GA,"[0.0, 1.0]"
hCoV-19/Germany/HH-hpi-p1563/2020|EPI_ISL_776044|2020-03-15,NON_GA,"[0.0, 1.0]"
hCoV-19/Italy/MAR-ISS-2596/2020|EPI_ISL_856896|2020-03-05,NON_GA,"[0.0, 1.0]"
hCoV-19/Germany/NW-HHU-30/2020|EPI_ISL_419547|2020-03-15,NON_GA,"[0.0, 1.0]"
NODE_0003894,NON_GA,"[0.0007802668318732296, 0.9992197331681267]"
hCoV-19/Canada/Qc-LSPQ-L00228636/2020|EPI_ISL_535874|2020-03-20,NON_GA,"[0.0, 0.9999999999999999]"
hCoV-19/France/PAC-IHU-0073/2020|EPI_ISL_569290|2020-03-20,NON_GA,"[0.0, 0.9999999999999999]"
hCoV-19/Belgium/ULG-7921/2020|EPI_ISL_447136|2020-03-17,NON_GA,"[0.0, 1.0]"
hCoV-19/France/ARA-SC387/2020|EPI_ISL_645191|2020-03-17,NON_GA,"[0.0, 1.0]"
hCoV-19/United_Arab_Emirates/L920634731/2020|EPI_ISL_520728|2020-03-31,NON_GA,"[0.0, 1.0]"
NODE_0003855,NON_GA,"[0.00045017363650744186, 0.9995498263634925]"
hCoV-19/Italy/LOM-UniMI-L175/2020|EPI_ISL_542169|2020-03-16,NON_GA,"[0.0, 1.0]"
hCoV-19/Italy/LOM-UniMI-L193/2020|EPI_ISL_542183|2020-03-22,NON_GA,"[0.0, 1.0]"
hCoV-19/Italy/LOM-UniMI-L118/2020|EPI_ISL_542114|2020-03-16,NON_GA,"[0.0, 1.0]"
NODE_0003858,NON_GA,"[0.0003004317874262139, 0.9996995682125738]"
hCoV-19/Italy/LOM-UniMI-L127/2020|EPI_ISL_542123|2020-03-17,NON_GA,"[0.0, 1.0]"
hCoV-19/Italy/LOM-UniMI-L132/2020|EPI_ISL_542128|2020-03-21,NON_GA,"[0.0, 1.0]"
NODE_0003804,NON_GA,"[5.561494827831541e-05, 0.9999443850517217]"
hCoV-19/Netherlands/NA_591/2020|EPI_ISL_460755|2020-03-27,NON_GA,"[0.0, 0.9999999999999999]"
hCoV-19/Italy/LOM-UniMI-L218/2020|EPI_ISL_542205|2020-03-10,NON_GA,"[0.0, 1.0]"
hCoV-19/Italy/CAM-CRGS-91/2020|EPI_ISL_876994|2020-03-18,NON_GA,"[0.0, 1.0]"
hCoV-19/Italy/CAM-CRGS-30/2020|EPI_ISL_894218|2020-03-18,NON_GA,"[0.0, 1.0]"
hCoV-19/Italy/CAM-CRGS-92/2020|EPI_ISL_876995|2020-03-18,NON_GA,"[0.0, 1.0]"
NODE_0003905,NON_GA,"[0.007097236885319688, 0.9929027631146804]"
hCoV-19/England/BRIS-1297CF/2020|EPI_ISL_458825|2020-03-31,NON_GA,"[0.0, 0.9999999999999999]"
hCoV-19/Switzerland/BS-UHB-42195951/2020|EPI_ISL_528191|2020-03-17,NON_GA,"[0.0, 1.0]"
hCoV-19/France/ARA-SC037/2020|EPI_ISL_666660|2020-03-29,NON_GA,"[0.0, 1.0]"
NODE_0003906,NON_GA,"[0.0037802624090008292, 0.9962197375909991]"
hCoV-19/Spain/MD-HLP-R67/2020|EPI_ISL_530112|2020-03-17,NON_GA,"[0.0, 1.0]"
NODE_0003907,NON_GA,"[0.0018971864309076695, 0.9981028135690925]"
hCoV-19/Spain/ML-ISCIII-202449/2020|EPI_ISL_455347|2020-03-14,NON_GA,"[0.0, 1.0]"
hCoV-19/Spain/AN-IBV-002953/2020|EPI_ISL_474930|2020-03-29,NON_GA,"[0.0, 0.9999999999999999]"
NODE_0003817,NON_GA,"[0.0037828711038790674, 0.9962171288961209]"
hCoV-19/Italy/LOM-UniMI-L391/2020|EPI_ISL_542314|2020-03-09,NON_GA,"[0.0, 0.9999999999999999]"
hCoV-19/Italy/LOM-UniMI-L478/2020|EPI_ISL_542391|2020-03-12,NON_GA,"[0.0, 1.0]"
hCoV-19/Italy/LOM-UniMI-L130/2020|EPI_ISL_542126|2020-03-10,NON_GA,"[0.0, 1.0]"
hCoV-19/Italy/LOM-UniMI-L131/2020|EPI_ISL_542127|2020-03-20,NON_GA,"[0.0, 1.0]"
hCoV-19/Italy/LOM-UniMI-L147/2020|EPI_ISL_542142|2020-03-20,NON_GA,"[0.0, 1.0]"
hCoV-19/Italy/LOM-UniMI-L414/2020|EPI_ISL_542334|2020-03-16,NON_GA,"[0.0, 1.0]"
NODE_0004127,NON_GA,"[0.0014748160451171703, 0.9985251839548829]"
hCoV-19/Italy/CAM-CRGS-70/2020|EPI_ISL_918420|2020-03-04,NON_GA,"[0.0, 1.0]"
hCoV-19/Italy/CAM-CRGS-104/2020|EPI_ISL_877012|2020-03-29,NON_GA,"[0.0, 0.9999999999999999]"
hCoV-19/Italy/FVG-ICGEB-S5/2020|EPI_ISL_417419|2020-03-01,NON_GA,"[0.0, 1.0]"
NODE_0004133,NON_GA,"[1.1274899019247618e-05, 0.9999887251009807]"
hCoV-19/Italy/SIC-ISS-3779/2020|EPI_ISL_856900|2020-03-08,NON_GA,"[0.0, 1.0]"
hCoV-19/Italy/SIC-ISS-3784/2020|EPI_ISL_856901|2020-03-08,NON_GA,"[0.0, 1.0]"
NODE_0004131,NON_GA,"[3.0429243295435607e-06, 0.9999969570756706]"
hCoV-19/Spain/AN-IBV-001881/2020|EPI_ISL_452465|2020-03-11,NON_GA,"[0.0, 1.0]"
hCoV-19/Spain/AN-IBV-006080/2020|EPI_ISL_510424|2020-03-12,NON_GA,"[0.0, 1.0]"
hCoV-19/Spain/AS-IBV-98006599/2020|EPI_ISL_654643|2020-03-12,NON_GA,"[0.0, 1.0]"
NODE_0004066,NON_GA,"[0.0036197301518285795, 0.9963802698481715]"
hCoV-19/Switzerland/BS-42206315/2020|EPI_ISL_581786|2020-03-25,NON_GA,"[0.0, 1.0]"
hCoV-19/France/OCC-SC478/2020|EPI_ISL_660679|2020-03-17,NON_GA,"[0.0, 0.9999999999999999]"
hCoV-19/France/OCC-SC467/2020|EPI_ISL_644683|2020-03-06,NON_GA,"[0.0, 1.0]"
hCoV-19/Northern_Ireland/NIRE-FB4DF/2020|EPI_ISL_441433|2020-03-18,NON_GA,"[0.0, 1.0]"
hCoV-19/Switzerland/VD-ETHZ-100128/2020|EPI_ISL_451712|2020-03-16,NON_GA,"[0.0, 1.0]"
hCoV-19/Luxembourg/LNS4845603/2020|EPI_ISL_419589|2020-03-15,NON_GA,"[0.0, 1.0]"
NODE_0004072,NON_GA,"[0.003928268827342459, 0.9960717311726573]"
hCoV-19/Scotland/GCVR-16FD25/2020|EPI_ISL_489597|2020-03-22,NON_GA,"[0.0, 1.0]"
hCoV-19/Scotland/GCVR-170F76/2020|EPI_ISL_459521|2020-03-26,NON_GA,"[0.0, 1.0]"
hCoV-19/Scotland/GCVR-1709D2/2020|EPI_ISL_459631|2020-03-25,NON_GA,"[0.0, 0.9999999999999999]"
NODE_0003886,NON_GA,"[1.4009184232227847e-06, 0.999998599081577]"
hCoV-19/Italy/CAM-CRGS-9/2020|EPI_ISL_876983|2020-03-15,NON_GA,"[0.0, 1.0]"
hCoV-19/Italy/CAM-CRGS-4/2020|EPI_ISL_876980|2020-03-14,NON_GA,"[0.0, 1.0]"
hCoV-19/Italy/CAM-CRGS-10/2020|EPI_ISL_877036|2020-03-15,NON_GA,"[0.0, 1.0]"
hCoV-19/Italy/CAM-CRGS-26/2020|EPI_ISL_876990|2020-03-18,NON_GA,"[0.0, 0.9999999999999999]"
hCoV-19/Italy/CAM-CRGS-20/2020|EPI_ISL_876986|2020-03-18,NON_GA,"[0.0, 0.9999999999999999]"
hCoV-19/Italy/CAM-CRGS-28/2020|EPI_ISL_876992|2020-03-18,NON_GA,"[0.0, 0.9999999999999999]"
hCoV-19/Italy/CAM-CRGS-6/2020|EPI_ISL_876982|2020-03-14,NON_GA,"[0.0, 1.0]"
hCoV-19/Italy/CAM-CRGS-37/2020|EPI_ISL_876999|2020-03-19,NON_GA,"[0.0, 1.0]"
hCoV-19/Italy/CAM_CRGS_3/2020|EPI_ISL_876043|2020-03-14,NON_GA,"[0.0, 1.0]"
NODE_0003823,NON_GA,"[0.00041483925982184635, 0.999585160740178]"
hCoV-19/Belgium/Rega-0320258/2020|EPI_ISL_458228|2020-03-20,NON_GA,"[0.0, 0.9999999999999999]"
hCoV-19/Canada/QC-JUS-V5311461/2020|EPI_ISL_889904|2020-03-29,NON_GA,"[0.0, 1.0]"
hCoV-19/Scotland/EDB103/2020|EPI_ISL_425893|2020-03-22,NON_GA,"[0.0, 1.0]"
hCoV-19/Germany/HH-hpi-p1986/2020|EPI_ISL_776304|2020-03-26,NON_GA,"[0.0, 0.9999999999999999]"
hCoV-19/Scotland/EDB283/2020|EPI_ISL_425963|2020-03-27,NON_GA,"[0.0, 1.0]"
hCoV-19/Germany/HH-hpi-p2045/2020|EPI_ISL_776337|2020-03-20,NON_GA,"[0.0, 0.9999999999999999]"
hCoV-19/Canada/QC-LSPQ-L00241782/2020|EPI_ISL_536290|2020-03-28,NON_GA,"[0.0, 0.9999999999999999]"
NODE_0003830,NON_GA,"[0.00031874327992964876, 0.9996812567200705]"
hCoV-19/England/CAMB-7507F/2020|EPI_ISL_440405|2020-03-17,NON_GA,"[0.0, 1.0]"
hCoV-19/France/ARA-SC029/2020|EPI_ISL_666657|2020-03-23,NON_GA,"[0.0, 1.0]"
hCoV-19/France/ARA-SC027/2020|EPI_ISL_629091|2020-03-22,NON_GA,"[0.0, 1.0]"
NODE_0003764,NON_GA,"[1.685842848315855e-05, 0.9999831415715168]"
hCoV-19/Malaysia/UNIMAS-0099/2020|EPI_ISL_718163|2020-03-31,NON_GA,"[0.0, 1.0]"
hCoV-19/Guangzhou/GZMU0037/2020|EPI_ISL_429089|2020-02-08,NON_GA,"[0.0, 0.9999999999999999]"
hCoV-19/Guangzhou/GZMU0020/2020|EPI_ISL_429081|2020-02-05,NON_GA,"[0.0, 1.0]"
hCoV-19/Shanghai/SH0025/2020|EPI_ISL_416334|2020-02-06,NON_GA,"[0.0, 0.9999999999999999]"
hCoV-19/Italy/CAM-CRGS-27/2020|EPI_ISL_876991|2020-03-18,NON_GA,"[0.0, 1.0]"
hCoV-19/Germany/BY-ChVir-1017/2020|EPI_ISL_450209|2020-01-30,NON_GA,"[0.0, 1.0]"
hCoV-19/Sichuan/SC-PHCC1-022/2020|EPI_ISL_451345|2020-01-24,NON_GA,"[0.0, 0.9999999999999999]"
hCoV-19/Germany/BY-ChVir-929-2/2020|EPI_ISL_450198|2020-01-28,NON_GA,"[0.0, 0.9999999999999999]"
hCoV-19/Hangzhou/HZCDC7155/2020|EPI_ISL_482581|2020-03-21,NON_GA,"[0.0, 1.0]"
hCoV-19/Guangzhou/GZMU0019/2020|EPI_ISL_429080|2020-02-05,NON_GA,"[0.0, 1.0]"
NODE_0004030,NON_GA,"[9.83644245466784e-06, 0.9999901635575453]"
hCoV-19/Italy/LOM-UniMI-L120/2020|EPI_ISL_542116|2020-03-12,NON_GA,"[0.0, 1.0]"
hCoV-19/Italy/LOM-UniMI-L281/2020|EPI_ISL_542245|2020-02-28,NON_GA,"[0.0, 1.0]"
hCoV-19/Italy/LOM-UniMI-L316/2020|EPI_ISL_542267|2020-03-01,NON_GA,"[0.0, 1.0]"
hCoV-19/Italy/LOM-UniMI-L411/2020|EPI_ISL_542331|2020-03-01,NON_GA,"[0.0, 1.0]"
hCoV-19/Italy/LOM-UniMI-L286/2020|EPI_ISL_542250|2020-02-28,NON_GA,"[0.0, 1.0]"
hCoV-19/Italy/LOM-INMI-5314-N/2020|EPI_ISL_451307|2020-02-21,NON_GA,"[0.0, 1.0]"
hCoV-19/USA/CA-QDX-2604/2020|EPI_ISL_604891|2020-03-16,NON_GA,"[0.0, 1.0]"
hCoV-19/Portugal/PT0301/2020|EPI_ISL_454017|2020-03-14,NON_GA,"[0.0, 1.0]"
hCoV-19/Portugal/PT1499/2020|EPI_ISL_511458|2020-03-20,NON_GA,"[0.0, 1.0]"
hCoV-19/Italy/LOM-UniMI-L292/2020|EPI_ISL_542255|2020-02-29,NON_GA,"[0.0, 1.0]"
hCoV-19/England/20109007304/2020|EPI_ISL_464527|2020-03-07,NON_GA,"[0.0, 1.0]"
NODE_0003864,NON_GA,"[0.0038543604536608084, 0.9961456395463393]"
hCoV-19/England/SHEF-C0154/2020|EPI_ISL_420226|2020-03-25,NON_GA,"[0.0, 1.0]"
hCoV-19/South_Korea/KCDC2171/2020|EPI_ISL_506965|2020-03-23,NON_GA,"[0.0, 1.0]"
hCoV-19/England/20149005904/2020|EPI_ISL_466113|2020-03-31,NON_GA,"[0.0, 1.0]"
hCoV-19/England/NORT-2957BE/2020|EPI_ISL_488616|2020-03-30,NON_GA,"[0.0, 1.0]"
hCoV-19/Switzerland/TI-ETHZ-100337/2020|EPI_ISL_574965|2020-03-18,NON_GA,"[0.0, 1.0]"
hCoV-19/Scotland/CVR72/2020|EPI_ISL_425803|2020-03-04,NON_GA,"[0.0, 1.0]"
hCoV-19/England/LIVE-A83F2/2020|EPI_ISL_517159|2020-03-26,NON_GA,"[0.0, 1.0]"
hCoV-19/Northern_Ireland/NIRE-101FF2/2020|EPI_ISL_441365|2020-03-23,NON_GA,"[0.0, 1.0]"
hCoV-19/USA/CA-SR0447/2020|EPI_ISL_467971|2020-03-30,NON_GA,"[0.0, 1.0]"
NODE_0003872,NON_GA,"[0.005445308732356688, 0.9945546912676433]"
hCoV-19/Poland/PL_P8/2020|EPI_ISL_428931|2020-03-28,NON_GA,"[0.0, 0.9999999999999999]"
hCoV-19/Poland/PL_P9/2020|EPI_ISL_428932|2020-03-28,NON_GA,"[0.0, 0.9999999999999999]"
NODE_0003959,NON_GA,"[0.0020169602401901637, 0.9979830397598098]"
hCoV-19/Chile/RM-ISPCH-48/2020|EPI_ISL_445327|2020-03-21,NON_GA,"[0.0, 1.0]"
hCoV-19/Spain/VC-FISABIO-102/2020|EPI_ISL_436197|2020-03-17,NON_GA,"[0.0, 1.0]"
hCoV-19/Spain/VC-FISABIO-302/2020|EPI_ISL_436397|2020-03-22,NON_GA,"[0.0, 1.0]"
hCoV-19/Spain/VC-FISABIO-86/2020|EPI_ISL_425210|2020-03-25,NON_GA,"[0.0, 0.9999999999999999]"
hCoV-19/Spain/VC-FISABIO-661/2020|EPI_ISL_455727|2020-03-31,NON_GA,"[0.0, 0.9999999999999999]"
hCoV-19/Spain/VC-FISABIO-77/2020|EPI_ISL_425201|2020-03-19,NON_GA,"[0.0, 1.0]"
hCoV-19/Spain/VC-FISABIO-17/2020|EPI_ISL_419681|2020-03-10,NON_GA,"[0.0, 1.0]"
hCoV-19/Spain/VC-FISABIO-273/2020|EPI_ISL_436368|2020-03-25,NON_GA,"[0.0, 0.9999999999999999]"
hCoV-19/Spain/CM-ISCIII-201306/2020|EPI_ISL_455327|2020-03-02,NON_GA,"[0.0, 1.0]"
NODE_0003966,NON_GA,"[0.0008428739694046293, 0.9991571260305954]"
hCoV-19/Spain/VC-FISABIO-108/2020|EPI_ISL_436203|2020-03-18,NON_GA,"[0.0, 1.0]"
hCoV-19/Spain/VC-FISABIO-145/2020|EPI_ISL_436240|2020-03-18,NON_GA,"[0.0, 1.0]"
hCoV-19/Spain/VC-FISABIO-106/2020|EPI_ISL_436201|2020-03-18,NON_GA,"[0.0, 1.0]"
hCoV-19/Spain/VC-FISABIO-114/2020|EPI_ISL_436209|2020-03-22,NON_GA,"[0.0, 1.0]"
NODE_0004041,NON_GA,"[0.005257472588774926, 0.994742527411225]"
hCoV-19/Saudi_Arabia/KAUST-Madinah270/2020|EPI_ISL_437752|2020-03-30,NON_GA,"[0.0, 1.0]"
hCoV-19/Italy/VEN-UniVR-40/2020|EPI_ISL_751352|2020-03-10,NON_GA,"[0.0, 1.0]"
hCoV-19/Switzerland/VD-ETHZ-100058/2020|EPI_ISL_466980|2020-03-12,NON_GA,"[0.0, 1.0]"
NODE_0004042,NON_GA,"[2.54629586432914e-07, 0.9999997453704136]"
hCoV-19/Spain/MD-HLP-R64/2020|EPI_ISL_530110|2020-03-17,NON_GA,"[0.0, 1.0]"
hCoV-19/Brazil/BA-26.1/2020|EPI_ISL_1068340|2020-03-17,NON_GA,"[0.0, 1.0]"
hCoV-19/Spain/PV-IBV-001445/2020|EPI_ISL_467148|2020-03-17,NON_GA,"[0.0, 1.0]"
hCoV-19/Finland/20MS8A2/2020|EPI_ISL_1231275|2020-03-20,NON_GA,"[0.0, 1.0]"
hCoV-19/Norway/2088/2020|EPI_ISL_420152|2020-03-17,NON_GA,"[0.0, 1.0]"
hCoV-19/USA/NY-QDX-91/2020|EPI_ISL_468585|2020-03-12,NON_GA,"[0.0, 1.0]"
hCoV-19/Germany/HH-hpi-p1739/2020|EPI_ISL_776118|2020-03-14,NON_GA,"[0.0, 0.9999999999999999]"
hCoV-19/Spain/RI-IBV-005987/2020|EPI_ISL_500421|2020-03-22,NON_GA,"[0.0, 0.9999999999999999]"
hCoV-19/Spain/PV-IBV-001555/2020|EPI_ISL_467138|2020-03-16,NON_GA,"[0.0, 1.0]"
hCoV-19/Spain/NC-IBV-001405/2020|EPI_ISL_452496|2020-03-20,NON_GA,"[0.0, 1.0]"
hCoV-19/Belgium/PF-0326316/2020|EPI_ISL_462170|2020-03-26,NON_GA,"[0.0, 1.0]"
hCoV-19/Spain/PV-IBV-001561/2020|EPI_ISL_467151|2020-03-16,NON_GA,"[0.0, 1.0]"
hCoV-19/Spain/MD-IBV-97010060/2020|EPI_ISL_779756|2020-03-27,NON_GA,"[0.0, 0.9999999999999999]"
hCoV-19/Germany/HH-hpi-p1839/2020|EPI_ISL_776192|2020-03-22,NON_GA,"[0.0, 0.9999999999999999]"
hCoV-19/Spain/CN-IBV-97006507/2020|EPI_ISL_537715|2020-03-30,NON_GA,"[0.0, 0.9999999999999999]"
NODE_0004081,NON_GA,"[0.0011518703394299678, 0.99884812966057]"
hCoV-19/Netherlands/Zeeland_16/2020|EPI_ISL_461254|2020-03-28,NON_GA,"[0.0, 1.0]"
hCoV-19/Netherlands/NA_573/2020|EPI_ISL_460737|2020-03-27,NON_GA,"[0.0, 0.9999999999999999]"
hCoV-19/Argentina/PAIS-D0021/2020|EPI_ISL_792463|2020-03-23,NON_GA,"[0.0, 1.0]"
hCoV-19/Netherlands/NoordBrabant_10040/2020|EPI_ISL_454789|2020-03-20,NON_GA,"[0.0, 1.0]"
hCoV-19/South_Africa/NHLS-UCT-GS-0073/2020|EPI_ISL_1040818|2020-03-29,NON_GA,"[0.0, 1.0]"
hCoV-19/Netherlands/NoordBrabant_81/2020|EPI_ISL_422876|2020-03-11,NON_GA,"[0.0, 1.0]"
hCoV-19/Belgium/DJ-0323409/2020|EPI_ISL_462263|2020-03-23,NON_GA,"[0.0, 1.0]"
hCoV-19/Netherlands/NA_261/2020|EPI_ISL_422795|2020-03-30,NON_GA,"[0.0, 1.0]"
hCoV-19/Netherlands/ZuidHolland_74/2020|EPI_ISL_422942|2020-03-26,NON_GA,"[0.0, 1.0]"
hCoV-19/Belgium/MT-0322411/2020|EPI_ISL_462265|2020-03-22,NON_GA,"[0.0, 0.9999999999999999]"
hCoV-19/Netherlands/NoordBrabant_85/2020|EPI_ISL_422879|2020-03-09,NON_GA,"[0.0, 1.0]"
hCoV-19/Italy/LOM-UniMI-L358/2020|EPI_ISL_542292|2020-03-05,NON_GA,"[0.0, 0.9999999999999999]"
hCoV-19/Netherlands/NB-RIVM-10048/2020|EPI_ISL_547480|2020-03-11,NON_GA,"[0.0, 1.0]"
hCoV-19/Netherlands/NB-RIVM-10049/2020|EPI_ISL_547481|2020-03-11,NON_GA,"[0.0, 1.0]"
hCoV-19/Netherlands/ZuidHolland_57/2020|EPI_ISL_422925|2020-03-23,NON_GA,"[0.0, 1.0]"
NODE_0004090,NON_GA,"[0.0005216214109571791, 0.9994783785890429]"
hCoV-19/Germany/SH-ChVir3032/2020|EPI_ISL_729515|2020-03-17,NON_GA,"[0.0, 1.0]"
hCoV-19/Germany/SH-ChVir3034/2020|EPI_ISL_729516|2020-03-17,NON_GA,"[0.0, 1.0]"
hCoV-19/Germany/NW-HHU-33/2020|EPI_ISL_419550|2020-03-16,NON_GA,"[0.0, 1.0]"
hCoV-19/Netherlands/NA_167/2020|EPI_ISL_422702|2020-03-21,NON_GA,"[0.0, 1.0]"
NODE_0004101,NON_GA,"[0.00010209094475652858, 0.9998979090552436]"
hCoV-19/England/20122103304/2020|EPI_ISL_465766|2020-03-17,NON_GA,"[0.0, 1.0]"
hCoV-19/England/20124037302/2020|EPI_ISL_418720|2020-03-17,NON_GA,"[0.0, 1.0]"
hCoV-19/England/NORW-ED8C5/2020|EPI_ISL_490504|2020-03-21,NON_GA,"[0.0, 0.9999999999999999]"
hCoV-19/South_Korea/KCDC2139/2020|EPI_ISL_498040|2020-03-20,NON_GA,"[0.0, 1.0]"
hCoV-19/England/NOTT-10E61E/2020|EPI_ISL_425571|2020-03-23,NON_GA,"[0.0, 0.9999999999999999]"
hCoV-19/Switzerland/BE-UNIBE-192-4208/2020|EPI_ISL_574831|2020-03-23,NON_GA,"[0.0, 0.9999999999999999]"
hCoV-19/England/20129033904/2020|EPI_ISL_424025|2020-03-20,NON_GA,"[0.0, 1.0]"
hCoV-19/South_Korea/KCDC2140/2020|EPI_ISL_498041|2020-03-19,NON_GA,"[0.0, 1.0]"
hCoV-19/England/20130072404/2020|EPI_ISL_423666|2020-03-23,NON_GA,"[0.0, 0.9999999999999999]"
hCoV-19/England/NORT-294E41/2020|EPI_ISL_488719|2020-03-29,NON_GA,"[0.0, 0.9999999999999999]"
hCoV-19/Germany/HH-hpi-p1829/2020|EPI_ISL_776183|2020-03-22,NON_GA,"[0.0, 1.0]"
NODE_0004124,NON_GA,"[0.003159794803680734, 0.9968402051963192]"
hCoV-19/Poland/PL_MCB_20/2020|EPI_ISL_645019|2020-03-30,NON_GA,"[0.0, 1.0]"
hCoV-19/Poland/PL_P5/2020|EPI_ISL_428928|2020-03-30,NON_GA,"[0.0, 1.0]"
NODE_0004109,NON_GA,"[0.0067541337923082475, 0.9932458662076916]"
hCoV-19/USA/GA-QDX-684/2020|EPI_ISL_571429|2020-03-17,GA,"[1.0, 0.0]"
hCoV-19/England/CAMB-71D8B/2020|EPI_ISL_439571|2020-03-31,NON_GA,"[0.0, 1.0]"
hCoV-19/USA/CT-Yale-040/2020|EPI_ISL_419528|2020-03-12,NON_GA,"[0.0, 0.9999999999999999]"
hCoV-19/England/CAMB-7327B/2020|EPI_ISL_440184|2020-03-22,NON_GA,"[0.0, 1.0]"
hCoV-19/England/CAMB-73624/2020|EPI_ISL_440213|2020-03-22,NON_GA,"[0.0, 1.0]"
NODE_0004116,NON_GA,"[0.0003021367773516508, 0.9996978632226483]"
hCoV-19/England/CAMB-7731A/2020|EPI_ISL_439384|2020-03-30,NON_GA,"[0.0, 1.0]"
hCoV-19/England/LIVE-A9B17/2020|EPI_ISL_517324|2020-03-24,NON_GA,"[0.0, 1.0]"
hCoV-19/Scotland/EDB144/2020|EPI_ISL_425913|2020-03-23,NON_GA,"[0.0, 0.9999999999999999]"
hCoV-19/Spain/AN-IBV-001322/2020|EPI_ISL_452551|2020-03-23,NON_GA,"[0.0, 0.9999999999999999]"
hCoV-19/Spain/AN-IBV-001159/2020|EPI_ISL_452576|2020-03-25,NON_GA,"[0.0, 1.0]"
hCoV-19/Spain/AN-IBV-001164/2020|EPI_ISL_452572|2020-03-25,NON_GA,"[0.0, 1.0]"
hCoV-19/Spain/AN-IBV-001162/2020|EPI_ISL_452574|2020-03-25,NON_GA,"[0.0, 1.0]"
NODE_0003983,NON_GA,"[0.00015517743664217228, 0.9998448225633577]"
hCoV-19/Italy/LOM-UniMI-L403/2020|EPI_ISL_542325|2020-03-15,NON_GA,"[0.0, 0.9999999999999999]"
hCoV-19/Italy/LOM-UniMI-L438/2020|EPI_ISL_542357|2020-03-21,NON_GA,"[0.0, 1.0]"
hCoV-19/Italy/LOM-UniMI-L436/2020|EPI_ISL_542355|2020-03-19,NON_GA,"[0.0, 1.0]"
hCoV-19/Italy/LOM-UniMI-L462/2020|EPI_ISL_542378|2020-03-16,NON_GA,"[0.0, 0.9999999999999999]"
hCoV-19/Italy/LOM-UniMI-L418/2020|EPI_ISL_542337|2020-03-18,NON_GA,"[0.0, 1.0]"
hCoV-19/Italy/LOM-UniMI-L419/2020|EPI_ISL_542338|2020-03-12,NON_GA,"[0.0, 1.0]"
hCoV-19/Italy/LOM-UniMI-L393/2020|EPI_ISL_542315|2020-03-09,NON_GA,"[0.0, 1.0]"
hCoV-19/Italy/LOM-UniMI-L378/2020|EPI_ISL_542305|2020-03-08,NON_GA,"[0.0, 1.0]"
hCoV-19/Italy/LOM-UniMI-L432/2020|EPI_ISL_542351|2020-03-19,NON_GA,"[0.0, 1.0]"
hCoV-19/Italy/LOM-UniMI-L356/2020|EPI_ISL_542290|2020-03-05,NON_GA,"[0.0, 1.0]"
hCoV-19/Italy/VEN-UniVR-105/2020|EPI_ISL_751410|2020-03-26,NON_GA,"[0.0, 1.0]"
hCoV-19/Hangzhou/HZCDC6228/2020|EPI_ISL_482577|2020-03-07,NON_GA,"[0.0, 1.0]"
hCoV-19/Germany/BW-FR0157/2020|EPI_ISL_852746|2020-03-06,NON_GA,"[0.0, 1.0]"
hCoV-19/Hangzhou/HZCDC6445/2020|EPI_ISL_482578|2020-03-12,NON_GA,"[0.0, 1.0]"
hCoV-19/Italy/LAZ-INMI-8/2020|EPI_ISL_424342|2020-03-07,NON_GA,"[0.0, 1.0]"
hCoV-19/Germany/BW-FR0158/2020|EPI_ISL_852745|2020-03-06,NON_GA,"[0.0, 1.0]"
hCoV-19/Italy/LOM-UniMI-L274/2020|EPI_ISL_542240|2020-02-25,NON_GA,"[0.0, 1.0]"
hCoV-19/Zhejiang/HZ103/2020|EPI_ISL_422425|2020-01-24,NON_GA,"[0.0, 1.0]"
hCoV-19/Italy/LOM-ISS-4544/2020|EPI_ISL_855550|2020-03-09,NON_GA,"[0.0, 1.0]"
hCoV-19/Hangzhou/HZCDC7184F/2020|EPI_ISL_482583|2020-03-22,NON_GA,"[0.0, 0.9999999999999999]"
hCoV-19/Italy/LOM-UniMI-L318/2020|EPI_ISL_542269|2020-03-01,NON_GA,"[0.0, 1.0]"
hCoV-19/Italy/VEN-IZSVe-14-30/2020|EPI_ISL_636468|2020-03-24,NON_GA,"[0.0, 1.0]"
hCoV-19/Italy/TUS-ISS-4096/2020|EPI_ISL_856904|2020-03-08,NON_GA,"[0.0, 1.0]"
hCoV-19/Italy/LOM-UniMI-L373/2020|EPI_ISL_542304|2020-03-08,NON_GA,"[0.0, 1.0]"
hCoV-19/Italy/LOM-UniMI-L346/2020|EPI_ISL_542284|2020-03-04,NON_GA,"[0.0, 1.0]"
hCoV-19/Italy/LOM-UniMI-L452/2020|EPI_ISL_542370|2020-03-24,NON_GA,"[0.0, 1.0]"
hCoV-19/Italy/LOM-UniMI-L369/2020|EPI_ISL_542300|2020-03-07,NON_GA,"[0.0, 1.0]"
hCoV-19/Italy/LOM-UniMI-L362/2020|EPI_ISL_542294|2020-03-05,NON_GA,"[0.0, 1.0]"
hCoV-19/Italy/LOM-UniMI-L407/2020|EPI_ISL_542328|2020-03-13,NON_GA,"[0.0, 1.0]"
NODE_0003993,NON_GA,"[0.0061890746144081105, 0.9938109253855919]"
hCoV-19/Italy/VEN-UniVR-6/2020|EPI_ISL_492985|2020-03-08,NON_GA,"[0.0, 1.0]"
hCoV-19/Italy/VEN-UniVR-125/2020|EPI_ISL_751425|2020-03-30,NON_GA,"[0.0, 1.0]"
NODE_0003994,NON_GA,"[0.0003421485340849278, 0.9996578514659152]"
hCoV-19/Italy/VEN-UniVR-57/2020|EPI_ISL_751367|2020-03-13,NON_GA,"[0.0, 1.0]"
hCoV-19/Italy/VEN-UniVR-55/2020|EPI_ISL_751365|2020-03-13,NON_GA,"[0.0, 1.0]"
NODE_0003911,NON_GA,"[5.0345155684085496e-05, 0.999949654844316]"
hCoV-19/Germany/HH-hpi-p1827/2020|EPI_ISL_776181|2020-03-22,NON_GA,"[0.0, 0.9999999999999999]"
hCoV-19/Italy/LOM-UniSR-1/2020|EPI_ISL_413489|2020-03-03,NON_GA,"[0.0, 1.0]"
hCoV-19/Germany/HH-hpi-p2104/2020|EPI_ISL_776351|2020-03-22,NON_GA,"[0.0, 0.9999999999999999]"
hCoV-19/England/20118061804/2020|EPI_ISL_464936|2020-03-11,NON_GA,"[0.0, 1.0]"
hCoV-19/Italy/ABR-IZSGC-TE5551/2020|EPI_ISL_429226|2020-03-17,NON_GA,"[0.0, 1.0]"
hCoV-19/Germany/HH-hpi-p1925/2020|EPI_ISL_776255|2020-03-25,NON_GA,"[0.0, 0.9999999999999999]"
hCoV-19/Scotland/CVR355/2020|EPI_ISL_439063|2020-03-21,NON_GA,"[0.0, 1.0]"
hCoV-19/Germany/HH-hpi-p1793/2020|EPI_ISL_776163|2020-03-19,NON_GA,"[0.0, 1.0]"
hCoV-19/Germany/HH-hpi-p1533/2020|EPI_ISL_776028|2020-03-15,NON_GA,"[0.0, 1.0]"
hCoV-19/Germany/HH-hpi-p1615/2020|EPI_ISL_776069|2020-03-17,NON_GA,"[0.0, 1.0]"
hCoV-19/France/NOR-N2223/2020|EPI_ISL_416494|2020-03-04,NON_GA,"[0.0, 1.0]"
hCoV-19/Germany/HH-hpi-p1786/2020|EPI_ISL_776157|2020-03-19,NON_GA,"[0.0, 1.0]"
hCoV-19/Germany/HH-hpi-p1815/2020|EPI_ISL_776173|2020-03-22,NON_GA,"[0.0, 0.9999999999999999]"
hCoV-19/Germany/BY-ChVir-W1126-5740/2020|EPI_ISL_754032|2020-03-27,NON_GA,"[0.0, 0.9999999999999999]"
hCoV-19/Czech_Republic/FNHK-010/2020|EPI_ISL_895738|2020-03-12,NON_GA,"[0.0, 0.9999999999999999]"
hCoV-19/Italy/LOM-UniMI-L210/2020|EPI_ISL_542197|2020-03-12,NON_GA,"[0.0, 0.9999999999999999]"
hCoV-19/Luxembourg/LNS7721101/2020|EPI_ISL_429769|2020-03-28,NON_GA,"[0.0, 1.0]"
hCoV-19/Germany/HH-hpi-p1647/2020|EPI_ISL_776081|2020-03-17,NON_GA,"[0.0, 1.0]"
hCoV-19/USA/FL-BPHL-0797/2020|EPI_ISL_514143|2020-03-21,NON_GA,"[0.0, 1.0]"
hCoV-19/Switzerland/VS-ETHZ-100326/2020|EPI_ISL_574972|2020-03-18,NON_GA,"[0.0, 0.9999999999999999]"
hCoV-19/Italy/LAZ-INMI-7/2020|EPI_ISL_419255|2020-03-23,NON_GA,"[0.0, 1.0]"
hCoV-19/Austria/CeMM0648/2020|EPI_ISL_583622|2020-03-24,NON_GA,"[0.0, 1.0]"
hCoV-19/Germany/BY-ChVir-W1175-5759/2020|EPI_ISL_754038|2020-03-28,NON_GA,"[0.0, 1.0]"
hCoV-19/Germany/BY-MVP-0035/2020|EPI_ISL_437234|2020-03-15,NON_GA,"[0.0, 1.0]"
hCoV-19/USA/GA-QDX-2426/2020|EPI_ISL_604698|2020-03-16,GA,"[1.0, 0.0]"
hCoV-19/Greece/42_36236/2020|EPI_ISL_437899|2020-03-23,NON_GA,"[0.0, 1.0]"
hCoV-19/Luxembourg/LNS3156434/2020|EPI_ISL_419582|2020-03-13,NON_GA,"[0.0, 1.0]"
hCoV-19/Italy/LOM-UniMI-L371/2020|EPI_ISL_542302|2020-03-07,NON_GA,"[0.0, 1.0]"
hCoV-19/Italy/LOM-UniMI-L421/2020|EPI_ISL_542340|2020-03-17,NON_GA,"[0.0, 1.0]"
hCoV-19/Germany/HH-hpi-p2152/2020|EPI_ISL_776384|2020-03-27,NON_GA,"[0.0, 0.9999999999999999]"
hCoV-19/Germany/BY-ChVir-W1169-5750/2020|EPI_ISL_754035|2020-03-27,NON_GA,"[0.0, 0.9999999999999999]"
hCoV-19/Italy/MOL-ISS-4926/2020|EPI_ISL_856897|2020-03-16,NON_GA,"[0.0, 1.0]"
hCoV-19/Italy/VEN-SI_53/2020|EPI_ISL_1181781|2020-02-25,NON_GA,"[0.0, 0.9999999999999999]"
hCoV-19/Germany/BY-ChVir-W1122-5753/2020|EPI_ISL_754029|2020-03-27,NON_GA,"[0.0, 0.9999999999999999]"
NODE_0003937,NON_GA,"[0.0005447489470507506, 0.9994552510529493]"
hCoV-19/Canada/QC-LSPQ-L00215858/2020|EPI_ISL_535740|2020-03-12,NON_GA,"[0.0, 0.9999999999999999]"
hCoV-19/New_Zealand/20CV0290/2020|EPI_ISL_579080|2020-03-26,NON_GA,"[0.0, 1.0]"
NODE_0003949,NON_GA,"[0.006639332116493627, 0.9933606678835063]"
hCoV-19/Belgium/AZKLINA120-038065/2020|EPI_ISL_1020173|2020-03-30,NON_GA,"[0.0, 1.0]"
hCoV-19/Belgium/VPP-0331379/2020|EPI_ISL_462233|2020-03-31,NON_GA,"[0.0, 1.0]"
NODE_0003953,NON_GA,"[0.0008383918815076826, 0.9991616081184922]"
hCoV-19/Switzerland/BL-42208262/2020|EPI_ISL_581765|2020-03-26,NON_GA,"[0.0, 1.0]"
hCoV-19/Germany/HH-hpi-p1728/2020|EPI_ISL_776108|2020-03-15,NON_GA,"[0.0, 0.9999999999999999]"
hCoV-19/Germany/HH-hpi-p2129/2020|EPI_ISL_776369|2020-03-22,NON_GA,"[0.0, 1.0]"
hCoV-19/Germany/HH-hpi-p1764/2020|EPI_ISL_776138|2020-03-19,NON_GA,"[0.0, 1.0]"
NODE_0003940,NON_GA,"[4.752946675752666e-05, 0.9999524705332425]"
hCoV-19/Italy/VEN-UniVR-77/2020|EPI_ISL_751386|2020-03-20,NON_GA,"[0.0, 1.0]"
hCoV-19/Italy/VEN-UniVR-117/2020|EPI_ISL_751418|2020-03-29,NON_GA,"[0.0, 1.0]"
hCoV-19/Italy/VEN-UniVR-111/2020|EPI_ISL_751414|2020-03-28,NON_GA,"[0.0, 1.0]"
hCoV-19/Italy/VEN-UniVR-113/2020|EPI_ISL_751416|2020-03-28,NON_GA,"[0.0, 1.0]"
hCoV-19/Italy/VEN-UniVR-5/2020|EPI_ISL_492984|2020-03-11,NON_GA,"[0.0, 1.0]"
NODE_0003945,NON_GA,"[0.0005700002175288064, 0.9994299997824712]"
hCoV-19/Italy/VEN-UniVR-74/2020|EPI_ISL_751383|2020-03-20,NON_GA,"[0.0, 1.0]"
hCoV-19/Italy/VEN-UniVR-75/2020|EPI_ISL_751384|2020-03-20,NON_GA,"[0.0, 1.0]"
NODE_0004501,NON_GA,"[1.7416191796374427e-17, 1.0]"
hCoV-19/Italy/TUS-UniSi05/2020|EPI_ISL_803884|2020-03-12,NON_GA,"[0.0, 1.0]"
hCoV-19/Italy/LOM-UniMI-L76/2020|EPI_ISL_542421|2020-03-05,NON_GA,"[0.0, 1.0]"
hCoV-19/Italy/LOM-UniMI-L270/2020|EPI_ISL_542236|2020-02-25,NON_GA,"[0.0, 0.9999999999999999]"
hCoV-19/Italy/MAR-UnivPM-73696/2020|EPI_ISL_516084|2020-02-28,NON_GA,"[0.0, 1.0]"
hCoV-19/Italy/PIE-SLL-MS56/2020|EPI_ISL_569872|2020-03-31,NON_GA,"[0.0, 0.9999999999999999]"
hCoV-19/Italy/MAR-UnivPM-1/2020|EPI_ISL_417491|2020-03-03,NON_GA,"[0.0, 1.0]"
hCoV-19/Singapore/1016/2020|EPI_ISL_574501|2020-03-22,NON_GA,"[0.0, 1.0]"
hCoV-19/Italy/VEN-SI_7/2020|EPI_ISL_1181743|2020-02-27,NON_GA,"[0.0, 1.0]"
hCoV-19/Italy/LOM-UniMI14/2020|EPI_ISL_780381|2020-03-17,NON_GA,"[0.0, 0.9999999999999999]"
hCoV-19/Italy/CAM-CRGS-90/2020|EPI_ISL_876985|2020-03-17,NON_GA,"[0.0, 0.9999999999999999]"
hCoV-19/Italy/VEN-SI_54/2020|EPI_ISL_1181771|2020-02-27,NON_GA,"[0.0, 1.0]"
hCoV-19/Italy/ABR-IZSGC-484/2020|EPI_ISL_457749|2020-02-27,NON_GA,"[0.0, 1.0]"
hCoV-19/USA/IN-Lilly-IPB0173-02bc19/2020|EPI_ISL_902986|2020-03-23,NON_GA,"[0.0, 1.0]"
hCoV-19/France/ARA-0591/2020|EPI_ISL_508934|2020-03-01,NON_GA,"[0.0, 0.9999999999999999]"
hCoV-19/Norway/2200/2020|EPI_ISL_447837|2020-03-20,NON_GA,"[0.0, 1.0]"
hCoV-19/Italy/CAM-CRGS-57/2020|EPI_ISL_877011|2020-03-25,NON_GA,"[0.0, 0.9999999999999999]"
hCoV-19/Bulgaria/41/2020|EPI_ISL_480310|2020-03-10,NON_GA,"[0.0, 1.0]"
hCoV-19/Italy/MAR-UnivPM-32898/2020|EPI_ISL_516079|2020-03-08,NON_GA,"[0.0, 0.9999999999999999]"
hCoV-19/Italy/LOM-UniMI-L276/2020|EPI_ISL_542241|2020-02-26,NON_GA,"[0.0, 1.0]"
hCoV-19/Norway/1811/2020|EPI_ISL_420139|2020-03-05,NON_GA,"[0.0, 1.0]"
hCoV-19/USA/IN-Lilly-IPB0173-11bc14/2020|EPI_ISL_911744|2020-03-26,NON_GA,"[0.0, 1.0]"
hCoV-19/Italy/LOM-UniMI-L54/2020|EPI_ISL_542401|2020-02-26,NON_GA,"[0.0, 1.0]"
hCoV-19/Netherlands/NA_177/2020|EPI_ISL_422712|2020-03-22,NON_GA,"[0.0, 1.0]"
hCoV-19/Italy/LOM-UniMI-L88/2020|EPI_ISL_542432|2020-03-08,NON_GA,"[0.0, 0.9999999999999999]"
hCoV-19/USA/IN-Lilly-IPB0173-09bc22/2020|EPI_ISL_911624|2020-03-26,NON_GA,"[0.0, 1.0]"
hCoV-19/Norway/Trondheim-E10/2020|EPI_ISL_450352|2020-03-11,NON_GA,"[0.0, 1.0]"
hCoV-19/Norway/1772/2020|EPI_ISL_420137|2020-03-08,NON_GA,"[0.0, 0.9999999999999999]"
hCoV-19/Italy/MAR-UnivPM-73702/2020|EPI_ISL_516085|2020-02-28,NON_GA,"[0.0, 1.0]"
hCoV-19/Germany/HH-hpi-p2297/2020|EPI_ISL_776430|2020-03-12,NON_GA,"[0.0, 1.0]"
hCoV-19/Italy/CAM-AMC-14-5289/2020|EPI_ISL_856870|2020-03-27,NON_GA,"[0.0, 1.0]"
hCoV-19/Italy/MAR-UnivPM-71205/2020|EPI_ISL_516083|2020-02-26,NON_GA,"[0.0, 1.0]"
hCoV-19/Portugal/PT0485/2020|EPI_ISL_454209|2020-03-30,NON_GA,"[0.0, 0.9999999999999999]"
hCoV-19/Italy/MAR-ISS-2591/2020|EPI_ISL_856895|2020-03-05,NON_GA,"[0.0, 1.0]"
hCoV-19/Germany/ChVir3001/2020|EPI_ISL_729514|2020-03-24,NON_GA,"[0.0, 1.0]"
hCoV-19/Italy/LOM-UniMI-L63/2020|EPI_ISL_542409|2020-03-03,NON_GA,"[0.0, 1.0]"
hCoV-19/Italy/LAZ-INMI17/2020|EPI_ISL_493329|2020-03-04,NON_GA,"[0.0, 1.0]"
hCoV-19/Spain/AN-IBV-002926/2020|EPI_ISL_474872|2020-03-20,NON_GA,"[0.0, 1.0]"
hCoV-19/Italy/LOM-UniMI-L426/2020|EPI_ISL_542345|2020-03-10,NON_GA,"[0.0, 1.0]"
hCoV-19/Australia/WA531/2020|EPI_ISL_794703|2020-03-23,NON_GA,"[0.0, 1.0]"
hCoV-19/Italy/LOM-INMI-10734/2020|EPI_ISL_568579|2020-02-24,NON_GA,"[0.0, 1.0]"
hCoV-19/Norway/2086/2020|EPI_ISL_590916|2020-03-09,NON_GA,"[0.0, 1.0]"
hCoV-19/Italy/MAR-UnivPM-34117/2020|EPI_ISL_516081|2020-03-09,NON_GA,"[0.0, 1.0]"
hCoV-19/Belgium/KA-03042/2020|EPI_ISL_417424|2020-03-04,NON_GA,"[0.0, 1.0]"
hCoV-19/Italy/LOM-UniMI-L60/2020|EPI_ISL_542406|2020-02-27,NON_GA,"[0.0, 1.0]"
hCoV-19/Norway/1953/2020|EPI_ISL_420313|2020-03-10,NON_GA,"[0.0, 1.0]"
hCoV-19/Italy/LOM-UniMI-L396/2020|EPI_ISL_542318|2020-03-09,NON_GA,"[0.0, 1.0]"
hCoV-19/England/201090978/2020|EPI_ISL_464614|2020-03-08,NON_GA,"[0.0, 0.9999999999999999]"
hCoV-19/Italy/MAR-UnivPM-78952/2020|EPI_ISL_516086|2020-03-04,NON_GA,"[0.0, 1.0]"
NODE_0004576,NON_GA,"[0.001014388652793906, 0.9989856113472061]"
hCoV-19/Italy/LOM-UniMI-L62/2020|EPI_ISL_542408|2020-03-04,NON_GA,"[0.0, 1.0]"
hCoV-19/Croatia/52085_ID1647_2/2020|EPI_ISL_985400|2020-03-18,NON_GA,"[0.0, 0.9999999999999999]"
NODE_0004557,NON_GA,"[0.003280624506511636, 0.9967193754934883]"
hCoV-19/Shandong/2020C1240531/2020|EPI_ISL_962538|2020-03-12,NON_GA,"[0.0, 1.0]"
hCoV-19/Shandong/2020C1240633/2020|EPI_ISL_962530|2020-03-24,NON_GA,"[0.0, 1.0]"
NODE_0004561,NON_GA,"[4.827503132830719e-06, 0.9999951724968671]"
hCoV-19/Italy/VEN-UniVR-94/2020|EPI_ISL_751402|2020-03-25,NON_GA,"[0.0, 1.0]"
hCoV-19/Italy/VEN-UniVR-123/2020|EPI_ISL_751423|2020-03-30,NON_GA,"[0.0, 1.0]"
hCoV-19/Italy/VEN-UniVR-54/2020|EPI_ISL_751364|2020-03-12,NON_GA,"[0.0, 0.9999999999999999]"
hCoV-19/Italy/VEN-UniVR-52/2020|EPI_ISL_751362|2020-03-12,NON_GA,"[0.0, 0.9999999999999999]"
hCoV-19/Italy/VEN-UniVR-49/2020|EPI_ISL_751359|2020-03-12,NON_GA,"[0.0, 0.9999999999999999]"
NODE_0004535,NON_GA,"[5.058661057192197e-05, 0.999949413389428]"
hCoV-19/Italy/LOM-ASST-6/2020|EPI_ISL_486662|2020-03-02,NON_GA,"[0.0, 1.0]"
hCoV-19/Belgium/RA-030445/2020|EPI_ISL_420443|2020-03-04,NON_GA,"[0.0, 1.0]"
hCoV-19/Italy/VEN-IZSVe-20RS2273-2_TV/2020|EPI_ISL_1260887|2020-03-15,NON_GA,"[0.0, 1.0]"
hCoV-19/Italy/LOM-UniMI-L345/2020|EPI_ISL_542283|2020-03-04,NON_GA,"[0.0, 1.0]"
hCoV-19/Italy/LOM-UniMI-L115/2020|EPI_ISL_542111|2020-03-07,NON_GA,"[0.0, 1.0]"
NODE_0004566,NON_GA,"[9.997225770299063e-05, 0.9999000277422969]"
hCoV-19/Italy/LOM-UniMI-L186/2020|EPI_ISL_542177|2020-03-20,NON_GA,"[0.0, 0.9999999999999999]"
hCoV-19/Italy/LOM-UniMI-L206/2020|EPI_ISL_542194|2020-03-08,NON_GA,"[0.0, 0.9999999999999999]"
hCoV-19/Italy/LOM-UniMI-L220/2020|EPI_ISL_542207|2020-03-11,NON_GA,"[0.0, 1.0]"
hCoV-19/Italy/LOM-UniMI-L239/2020|EPI_ISL_542218|2020-03-04,NON_GA,"[0.0, 0.9999999999999999]"
hCoV-19/Italy/LOM-UniMI-L117/2020|EPI_ISL_542113|2020-03-09,NON_GA,"[0.0, 1.0]"
hCoV-19/Italy/LOM-UniMI-L225/2020|EPI_ISL_542212|2020-03-14,NON_GA,"[0.0, 1.0]"
NODE_0004542,NON_GA,"[6.607872076303687e-05, 0.9999339212792369]"
hCoV-19/Italy/TUS-UOS-07/2020|EPI_ISL_591334|2020-03-20,NON_GA,"[0.0, 1.0]"
hCoV-19/Netherlands/Zeeland_9/2020|EPI_ISL_461291|2020-03-22,NON_GA,"[0.0, 1.0]"
hCoV-19/Netherlands/Zeeland_20/2020|EPI_ISL_461259|2020-03-18,NON_GA,"[0.0, 1.0]"
hCoV-19/Italy/CAM-CRGS-99/2020|EPI_ISL_877004|2020-03-21,NON_GA,"[0.0, 0.9999999999999999]"
hCoV-19/Netherlands/Zeeland_13/2020|EPI_ISL_461251|2020-03-28,NON_GA,"[0.0, 1.0]"
hCoV-19/Italy/TUS-DBM-7/2020|EPI_ISL_583961|2020-03-20,NON_GA,"[0.0, 1.0]"
hCoV-19/Italy/CAM-TIGEM-636/2020|EPI_ISL_778647|2020-03-29,NON_GA,"[0.0, 1.0]"
hCoV-19/Belgium/ULG-6754/2020|EPI_ISL_417019|2020-03-14,NON_GA,"[0.0, 0.9999999999999999]"
hCoV-19/Switzerland/VD-ETHZ-100037/2020|EPI_ISL_466961|2020-03-11,NON_GA,"[0.0, 1.0]"
NODE_0004554,NON_GA,"[0.0008734746308608417, 0.9991265253691393]"
hCoV-19/Italy/LAZ-INMI-9/2020|EPI_ISL_424343|2020-03-23,NON_GA,"[0.0, 1.0]"
hCoV-19/Italy/UMB-ISS-3857/2020|EPI_ISL_856905|2020-03-06,NON_GA,"[0.0, 0.9999999999999999]"
hCoV-19/Italy/VEN-SI_117/2020|EPI_ISL_1181801|2020-03-22,NON_GA,"[0.0, 1.0]"
NODE_0004549,NON_GA,"[0.0013908785587588872, 0.998609121441241]"
hCoV-19/Italy/LAZ-INMI11-B/2020|EPI_ISL_451304|2020-03-23,NON_GA,"[0.0, 1.0]"
hCoV-19/Italy/ABR-IZSGC-TE7097/2020|EPI_ISL_528929|2020-03-26,NON_GA,"[0.0, 1.0]"
NODE_0004551,NON_GA,"[8.827490515641894e-06, 0.9999911725094842]"
hCoV-19/Italy/LAZ-AMC-4-1254/2020|EPI_ISL_856874|2020-03-08,NON_GA,"[0.0, 1.0]"
hCoV-19/Italy/LAZ-AMC-5-1565/2020|EPI_ISL_856875|2020-03-08,NON_GA,"[0.0, 1.0]"
NODE_0004142,NON_GA,"[5.418951575796323e-17, 1.0]"
hCoV-19/Spain/PV-IBV-000954/2020|EPI_ISL_452621|2020-03-28,NON_GA,"[0.0, 0.9999999999999999]"
hCoV-19/Italy/VEN-UniVR-42/2020|EPI_ISL_751354|2020-03-11,NON_GA,"[0.0, 0.9999999999999999]"
hCoV-19/Spain/PV-IBV-000893/2020|EPI_ISL_452670|2020-03-26,NON_GA,"[0.0, 1.0]"
hCoV-19/Germany/BY-MVP-0123/2020|EPI_ISL_451940|2020-03-23,NON_GA,"[0.0, 1.0]"
hCoV-19/USA/GA-USAFSAM-S102/2020|EPI_ISL_812330|2020-03-22,GA,"[1.0, 0.0]"
hCoV-19/Spain/VC-FISABIO-281/2020|EPI_ISL_436376|2020-03-16,NON_GA,"[0.0, 1.0]"
hCoV-19/Spain/AS-IBV-98006587/2020|EPI_ISL_654636|2020-03-10,NON_GA,"[0.0, 1.0]"
hCoV-19/Spain/NC-IBV-001414/2020|EPI_ISL_452487|2020-03-21,NON_GA,"[0.0, 1.0]"
hCoV-19/Spain/GA-ISCIII-202282/2020|EPI_ISL_455334|2020-03-11,NON_GA,"[0.0, 0.9999999999999999]"
hCoV-19/Italy/PIE-ISS-1461/2020|EPI_ISL_856899|2020-03-03,NON_GA,"[0.0, 1.0]"
hCoV-19/Italy/LOM-UniMI-L284/2020|EPI_ISL_542248|2020-02-28,NON_GA,"[0.0, 0.9999999999999999]"
hCoV-19/Colombia/HUI-GUV-92061/2020|EPI_ISL_447759|2020-03-31,NON_GA,"[0.0, 0.9999999999999999]"
hCoV-19/Spain/MD-H12-H12-1502/2020|EPI_ISL_421172|2020-03-09,NON_GA,"[0.0, 1.0]"
hCoV-19/Spain/AN-IBV-001088/2020|EPI_ISL_452598|2020-03-26,NON_GA,"[0.0, 1.0]"
hCoV-19/Spain/CT-IBV-005635/2020|EPI_ISL_508676|2020-03-29,NON_GA,"[0.0, 1.0]"
hCoV-19/Spain/AN-IBV-001094/2020|EPI_ISL_452592|2020-03-27,NON_GA,"[0.0, 1.0]"
hCoV-19/Spain/NC-IBV-001415/2020|EPI_ISL_452486|2020-03-21,NON_GA,"[0.0, 1.0]"
hCoV-19/Spain/EX-IBV-005004/2020|EPI_ISL_510313|2020-03-13,NON_GA,"[0.0, 1.0]"
hCoV-19/Spain/AN-IBV-001920/2020|EPI_ISL_467069|2020-03-17,NON_GA,"[0.0, 0.9999999999999999]"
hCoV-19/Spain/MD-IBV-005320/2020|EPI_ISL_510199|2020-03-17,NON_GA,"[0.0, 0.9999999999999999]"
hCoV-19/Spain/CN-IBV-002876/2020|EPI_ISL_474852|2020-03-16,NON_GA,"[0.0, 1.0]"
hCoV-19/Spain/AR-IBV-2479/2020|EPI_ISL_468813|2020-03-27,NON_GA,"[0.0, 1.0]"
hCoV-19/Spain/EX-IBV-005015/2020|EPI_ISL_510324|2020-03-13,NON_GA,"[0.0, 1.0]"
hCoV-19/Spain/AS-IBV-98006595/2020|EPI_ISL_654640|2020-03-12,NON_GA,"[0.0, 1.0]"
hCoV-19/Chile/Santiago-op9d0/2020|EPI_ISL_801590|2020-03-17,NON_GA,"[0.0, 0.9999999999999999]"
hCoV-19/Spain/MD-HLP-H3-10/2020|EPI_ISL_417954|2020-03-12,NON_GA,"[0.0, 1.0]"
hCoV-19/Italy/LOM-ISS-4534/2020|EPI_ISL_855553|2020-03-09,NON_GA,"[0.0, 1.0]"
hCoV-19/Spain/GA-IBV-004032/2020|EPI_ISL_510273|2020-03-14,NON_GA,"[0.0, 1.0]"
hCoV-19/Spain/VC-FISABIO-585/2020|EPI_ISL_447515|2020-03-28,NON_GA,"[0.0, 0.9999999999999999]"
hCoV-19/Italy/LAZ-INMI5-N/2020|EPI_ISL_451303|2020-03-04,NON_GA,"[0.0, 1.0]"
hCoV-19/Spain/CN-IBV-002599/2020|EPI_ISL_474915|2020-03-16,NON_GA,"[0.0, 1.0]"
hCoV-19/Spain/VC-IBV-98003090/2020|EPI_ISL_538026|2020-03-14,NON_GA,"[0.0, 1.0]"
hCoV-19/Spain/IB-IBV-2521/2020|EPI_ISL_468953|2020-03-20,NON_GA,"[0.0, 1.0]"
hCoV-19/Spain/IB-IBV-99007217/2020|EPI_ISL_541958|2020-03-17,NON_GA,"[0.0, 0.9999999999999999]"
hCoV-19/Spain/IB-IBV-2526/2020|EPI_ISL_469012|2020-03-20,NON_GA,"[0.0, 1.0]"
hCoV-19/Spain/PV-IBV-000866/2020|EPI_ISL_452689|2020-03-25,NON_GA,"[0.0, 1.0]"
hCoV-19/Spain/GA-IBV-004058/2020|EPI_ISL_510296|2020-03-18,NON_GA,"[0.0, 1.0]"
hCoV-19/Spain/VC-IBV-98003079/2020|EPI_ISL_538016|2020-03-14,NON_GA,"[0.0, 1.0]"
hCoV-19/Spain/AR-IBV-2412/2020|EPI_ISL_468858|2020-03-24,NON_GA,"[0.0, 1.0]"
hCoV-19/Spain/GA-IBV-004053/2020|EPI_ISL_510292|2020-03-18,NON_GA,"[0.0, 1.0]"
hCoV-19/Spain/MD-IBV-99008535/2020|EPI_ISL_654083|2020-03-19,NON_GA,"[0.0, 1.0]"
hCoV-19/Spain/MD-H12-LP33/2020|EPI_ISL_430721|2020-03-11,NON_GA,"[0.0, 0.9999999999999999]"
hCoV-19/Mexico/CMX-INER-0009/2020|EPI_ISL_837611|2020-03-22,NON_GA,"[0.0, 1.0]"
hCoV-19/Spain/CT-HUVH-52036/2020|EPI_ISL_819304|2020-03-19,NON_GA,"[0.0, 1.0]"
hCoV-19/Spain/EX-IBV-005006/2020|EPI_ISL_510315|2020-03-13,NON_GA,"[0.0, 1.0]"
hCoV-19/Spain/MD-IBV-005324/2020|EPI_ISL_510203|2020-03-17,NON_GA,"[0.0, 0.9999999999999999]"
hCoV-19/Spain/VC-IBV-98004505/2020|EPI_ISL_796094|2020-03-25,NON_GA,"[0.0, 1.0]"
hCoV-19/Spain/AS-IBV-98006621/2020|EPI_ISL_654675|2020-03-19,NON_GA,"[0.0, 1.0]"
hCoV-19/Spain/GA-IBV-004055/2020|EPI_ISL_510294|2020-03-18,NON_GA,"[0.0, 1.0]"
hCoV-19/Canada/NS-NML-910/2020|EPI_ISL_579559|2020-03-22,NON_GA,"[0.0, 1.0]"
hCoV-19/Italy/LOM-UniMI-L53/2020|EPI_ISL_542400|2020-03-02,NON_GA,"[0.0, 1.0]"
hCoV-19/Italy/CAM-ISS-2369/2020|EPI_ISL_856871|2020-03-04,NON_GA,"[0.0, 1.0]"
hCoV-19/Spain/EX-IBV-005011/2020|EPI_ISL_510320|2020-03-12,NON_GA,"[0.0, 1.0]"
hCoV-19/Spain/PV-IBV-000946/2020|EPI_ISL_452627|2020-03-28,NON_GA,"[0.0, 0.9999999999999999]"
hCoV-19/Spain/RI-IBV-99005908/2020|EPI_ISL_537446|2020-03-20,NON_GA,"[0.0, 1.0]"
hCoV-19/Spain/IB-IBV-2546/2020|EPI_ISL_468968|2020-03-28,NON_GA,"[0.0, 0.9999999999999999]"
hCoV-19/Spain/EX-IBV-005017/2020|EPI_ISL_510326|2020-03-12,NON_GA,"[0.0, 1.0]"
hCoV-19/Spain/PV-IBV-000864/2020|EPI_ISL_452691|2020-03-25,NON_GA,"[0.0, 1.0]"
hCoV-19/Spain/PV-IBV-000876/2020|EPI_ISL_452681|2020-03-25,NON_GA,"[0.0, 1.0]"
hCoV-19/Spain/AN-IBV-001921/2020|EPI_ISL_467075|2020-03-17,NON_GA,"[0.0, 0.9999999999999999]"
hCoV-19/Spain/AN-IBV-001905/2020|EPI_ISL_467082|2020-03-12,NON_GA,"[0.0, 1.0]"
hCoV-19/Spain/MD-IBV-005322/2020|EPI_ISL_510201|2020-03-17,NON_GA,"[0.0, 0.9999999999999999]"
hCoV-19/Spain/CT-IBV-003153/2020|EPI_ISL_510250|2020-03-16,NON_GA,"[0.0, 1.0]"
hCoV-19/Spain/AN-IBV-002931/2020|EPI_ISL_474875|2020-03-23,NON_GA,"[0.0, 1.0]"
hCoV-19/Spain/EX-IBV-005013/2020|EPI_ISL_510322|2020-03-12,NON_GA,"[0.0, 1.0]"
hCoV-19/Spain/AS-IBV-98006586/2020|EPI_ISL_654635|2020-03-10,NON_GA,"[0.0, 1.0]"
hCoV-19/Spain/PV-IBV-003229/2020|EPI_ISL_480954|2020-03-14,NON_GA,"[0.0, 1.0]"
hCoV-19/Andorra/202552/2020|EPI_ISL_539496|2020-03-13,NON_GA,"[0.0, 1.0]"
hCoV-19/Spain/VC-FISABIO-152/2020|EPI_ISL_436247|2020-03-19,NON_GA,"[0.0, 1.0]"
hCoV-19/Hungary/mbl1/2020|EPI_ISL_416426|2020-03-17,NON_GA,"[0.0, 0.9999999999999999]"
hCoV-19/Italy/LOM-UniMI-L367/2020|EPI_ISL_542298|2020-03-07,NON_GA,"[0.0, 1.0]"
hCoV-19/Spain/AS-IBV-98006616/2020|EPI_ISL_654657|2020-03-14,NON_GA,"[0.0, 1.0]"
hCoV-19/Spain/MD-IBV-97010100/2020|EPI_ISL_779773|2020-03-23,NON_GA,"[0.0, 1.0]"
hCoV-19/Colombia/ANT-UdeA-200325-01/2020|EPI_ISL_536399|2020-03-25,NON_GA,"[0.0, 1.0]"
hCoV-19/Spain/AN-IBV-001910/2020|EPI_ISL_467084|2020-03-16,NON_GA,"[0.0, 1.0]"
hCoV-19/Austria/CeMM0269/2020|EPI_ISL_438097|2020-03-24,NON_GA,"[0.0, 1.0]"
hCoV-19/Spain/AN-IBV-001176/2020|EPI_ISL_452567|2020-03-25,NON_GA,"[0.0, 1.0]"
hCoV-19/Spain/VC-FISABIO-75/2020|EPI_ISL_425199|2020-03-19,NON_GA,"[0.0, 1.0]"
hCoV-19/Canada/QC-JUS-V6020494/2020|EPI_ISL_1241209|2020-03-31,NON_GA,"[0.0, 0.9999999999999999]"
hCoV-19/Austria/CeMM0505/2020|EPI_ISL_583592|2020-03-22,NON_GA,"[0.0, 1.0]"
hCoV-19/Spain/AR-IBV-2426/2020|EPI_ISL_468841|2020-03-21,NON_GA,"[0.0, 1.0]"
hCoV-19/Spain/IB-IBV-2525/2020|EPI_ISL_469014|2020-03-20,NON_GA,"[0.0, 1.0]"
hCoV-19/Spain/MD-IBV-005339/2020|EPI_ISL_510217|2020-03-18,NON_GA,"[0.0, 1.0]"
hCoV-19/Spain/MD-IBV-005344/2020|EPI_ISL_510221|2020-03-19,NON_GA,"[0.0, 1.0]"
hCoV-19/Spain/AN-IBV-002908/2020|EPI_ISL_474869|2020-03-18,NON_GA,"[0.0, 1.0]"
hCoV-19/Spain/MD-H12-2410/2020|EPI_ISL_421180|2020-03-27,NON_GA,"[0.0, 1.0]"
hCoV-19/Spain/MD-IBV-97010075/2020|EPI_ISL_779761|2020-03-18,NON_GA,"[0.0, 1.0]"
hCoV-19/Spain/PV-IBV-003241/2020|EPI_ISL_480957|2020-03-15,NON_GA,"[0.0, 0.9999999999999999]"
hCoV-19/Spain/PV-IBV-003243/2020|EPI_ISL_481008|2020-03-16,NON_GA,"[0.0, 1.0]"
hCoV-19/Spain/CT-IBV-005594/2020|EPI_ISL_508642|2020-03-18,NON_GA,"[0.0, 1.0]"
hCoV-19/Spain/MD-IBV-005356/2020|EPI_ISL_510233|2020-03-20,NON_GA,"[0.0, 1.0]"
hCoV-19/Spain/MD-IBV-006439/2020|EPI_ISL_510149|2020-03-17,NON_GA,"[0.0, 0.9999999999999999]"
hCoV-19/Spain/MD-IBV-004922/2020|EPI_ISL_481056|2020-03-23,NON_GA,"[0.0, 1.0]"
hCoV-19/Spain/MD-IBV-005289/2020|EPI_ISL_510174|2020-03-15,NON_GA,"[0.0, 0.9999999999999999]"
hCoV-19/Spain/MD-IBV-99008601/2020|EPI_ISL_654187|2020-03-17,NON_GA,"[0.0, 0.9999999999999999]"
hCoV-19/Spain/PV-IBV-003244/2020|EPI_ISL_481022|2020-03-16,NON_GA,"[0.0, 1.0]"
hCoV-19/Spain/PV-IBV-000929/2020|EPI_ISL_452642|2020-03-27,NON_GA,"[0.0, 1.0]"
hCoV-19/Spain/IB-IBV-2537/2020|EPI_ISL_468977|2020-03-21,NON_GA,"[0.0, 1.0]"
hCoV-19/Spain/IB-IBV-2514/2020|EPI_ISL_468988|2020-03-20,NON_GA,"[0.0, 1.0]"
hCoV-19/Spain/PV-IBV-003208/2020|EPI_ISL_481015|2020-03-12,NON_GA,"[0.0, 1.0]"
hCoV-19/Spain/PV-IBV-001428/2020|EPI_ISL_452473|2020-03-23,NON_GA,"[0.0, 1.0]"
hCoV-19/Spain/MD-IBV-005355/2020|EPI_ISL_510232|2020-03-19,NON_GA,"[0.0, 1.0]"
hCoV-19/Spain/PV-IBV-000915/2020|EPI_ISL_452653|2020-03-27,NON_GA,"[0.0, 1.0]"
hCoV-19/Spain/AN-IBV-002940/2020|EPI_ISL_474876|2020-03-26,NON_GA,"[0.0, 1.0]"
hCoV-19/Spain/MD-IBV-005362/2020|EPI_ISL_510238|2020-03-23,NON_GA,"[0.0, 1.0]"
hCoV-19/Spain/CT-IBV-005591/2020|EPI_ISL_508640|2020-03-12,NON_GA,"[0.0, 1.0]"
hCoV-19/Chile/RM-ISPCH-34/2020|EPI_ISL_445313|2020-03-17,NON_GA,"[0.0, 0.9999999999999999]"
hCoV-19/Spain/AN-IBV-001093/2020|EPI_ISL_452593|2020-03-26,NON_GA,"[0.0, 1.0]"
hCoV-19/Spain/EX-IBV-005010/2020|EPI_ISL_510319|2020-03-13,NON_GA,"[0.0, 1.0]"
hCoV-19/Spain/PV-IBV-003266/2020|EPI_ISL_480977|2020-03-18,NON_GA,"[0.0, 1.0]"
hCoV-19/France/PAC-IHU-0132/2020|EPI_ISL_569328|2020-03-13,NON_GA,"[0.0, 1.0]"
hCoV-19/Spain/AN-IBV-002867/2020|EPI_ISL_474859|2020-03-14,NON_GA,"[0.0, 1.0]"
hCoV-19/Spain/GA-IBV-004062/2020|EPI_ISL_510300|2020-03-18,NON_GA,"[0.0, 1.0]"
hCoV-19/Spain/GA-ISCIII-202230/2020|EPI_ISL_455333|2020-03-11,NON_GA,"[0.0, 0.9999999999999999]"
hCoV-19/Romania/Bucuresti-4284/2020|EPI_ISL_468135|2020-03-22,NON_GA,"[0.0, 1.0]"
hCoV-19/USA/MN-MDH-1290/2020|EPI_ISL_483010|2020-03-24,NON_GA,"[0.0, 1.0]"
hCoV-19/Spain/AS-IBV-98006592/2020|EPI_ISL_654638|2020-03-12,NON_GA,"[0.0, 1.0]"
hCoV-19/Spain/VC-FISABIO-173/2020|EPI_ISL_436268|2020-03-20,NON_GA,"[0.0, 1.0]"
hCoV-19/Spain/NC-IBV-001398/2020|EPI_ISL_452503|2020-03-18,NON_GA,"[0.0, 1.0]"
hCoV-19/Italy/VEN-UniVR-71/2020|EPI_ISL_751380|2020-03-16,NON_GA,"[0.0, 1.0]"
hCoV-19/Wales/PHWC-25F9F/2020|EPI_ISL_422118|2020-03-25,NON_GA,"[0.0, 1.0]"
hCoV-19/Spain/GA-IBV-004029/2020|EPI_ISL_510271|2020-03-14,NON_GA,"[0.0, 1.0]"
hCoV-19/Italy/LOM-INMI-11951/2020|EPI_ISL_460092|2020-02-28,NON_GA,"[0.0, 0.9999999999999999]"
hCoV-19/Spain/MD-H12-20/2020|EPI_ISL_428684|2020-03-27,NON_GA,"[0.0, 1.0]"
hCoV-19/Spain/GA-ISCIII-202076/2020|EPI_ISL_455332|2020-03-10,NON_GA,"[0.0, 1.0]"
hCoV-19/Spain/AN-IBV-002020/2020|EPI_ISL_509630|2020-03-16,NON_GA,"[0.0, 1.0]"
hCoV-19/Spain/VC-FISABIO-221/2020|EPI_ISL_436316|2020-03-23,NON_GA,"[0.0, 1.0]"
hCoV-19/Spain/CT-HUVH-VH7663/2020|EPI_ISL_447533|2020-03-25,NON_GA,"[0.0, 1.0]"
hCoV-19/Spain/CT-HUVH-51925/2020|EPI_ISL_819302|2020-03-18,NON_GA,"[0.0, 1.0]"
hCoV-19/Spain/CT-HUVH-VH5081/2020|EPI_ISL_444981|2020-03-21,NON_GA,"[0.0, 1.0]"
hCoV-19/Spain/VC-FISABIO-296/2020|EPI_ISL_436391|2020-03-17,NON_GA,"[0.0, 0.9999999999999999]"
hCoV-19/Spain/CT-HUVH-VH1449/2020|EPI_ISL_447532|2020-03-16,NON_GA,"[0.0, 1.0]"
hCoV-19/Spain/AS-IBV-98006601/2020|EPI_ISL_654645|2020-03-13,NON_GA,"[0.0, 1.0]"
hCoV-19/Austria/CeMM0313/2020|EPI_ISL_475785|2020-03-30,NON_GA,"[0.0, 0.9999999999999999]"
hCoV-19/Italy/VEN-UniVR-126/2020|EPI_ISL_751426|2020-03-30,NON_GA,"[0.0, 0.9999999999999999]"
hCoV-19/Spain/VC-FISABIO-584/2020|EPI_ISL_447514|2020-03-28,NON_GA,"[0.0, 0.9999999999999999]"
hCoV-19/Spain/CT-HUVH-VH5994/2020|EPI_ISL_444983|2020-03-22,NON_GA,"[0.0, 1.0]"
hCoV-19/USA/NY-NYCPHL-000623/2020|EPI_ISL_632079|2020-03-12,NON_GA,"[0.0, 1.0]"
hCoV-19/Spain/MD-H12-33/2020|EPI_ISL_428696|2020-03-12,NON_GA,"[0.0, 1.0]"
hCoV-19/Japan/PG-2728/2020|EPI_ISL_690860|2020-03-29,NON_GA,"[0.0, 1.0]"
hCoV-19/Spain/AS-IBV-98006594/2020|EPI_ISL_654639|2020-03-12,NON_GA,"[0.0, 1.0]"
hCoV-19/Spain/VC-FISABIO-43/2020|EPI_ISL_420127|2020-03-12,NON_GA,"[0.0, 1.0]"
hCoV-19/Spain/AN-IBV-002910/2020|EPI_ISL_467062|2020-03-18,NON_GA,"[0.0, 1.0]"
hCoV-19/Spain/MD-HLP-H10-39/2020|EPI_ISL_417963|2020-03-12,NON_GA,"[0.0, 1.0]"
hCoV-19/Spain/AS-IBV-98006618/2020|EPI_ISL_654658|2020-03-19,NON_GA,"[0.0, 1.0]"
hCoV-19/Spain/AN-IBV-002017/2020|EPI_ISL_509628|2020-03-16,NON_GA,"[0.0, 1.0]"
hCoV-19/Spain/CT-HUVH-58300/2020|EPI_ISL_819316|2020-03-31,NON_GA,"[0.0, 0.9999999999999999]"
hCoV-19/Spain/PV-IBV-000874/2020|EPI_ISL_452683|2020-03-25,NON_GA,"[0.0, 1.0]"
hCoV-19/Spain/MD-H12-23/2020|EPI_ISL_428686|2020-03-22,NON_GA,"[0.0, 1.0]"
hCoV-19/Germany/HH-hpi-p1661/2020|EPI_ISL_776086|2020-03-18,NON_GA,"[0.0, 1.0]"
hCoV-19/Spain/CT-HUVH-VH1133/2020|EPI_ISL_418860|2020-03-15,NON_GA,"[0.0, 0.9999999999999999]"
hCoV-19/Spain/AS-IBV-98006603/2020|EPI_ISL_654647|2020-03-13,NON_GA,"[0.0, 1.0]"
hCoV-19/Italy/VEN-UniVR-128/2020|EPI_ISL_751427|2020-03-31,NON_GA,"[0.0, 0.9999999999999999]"
hCoV-19/Spain/PV-HUD-70063452/2020|EPI_ISL_475719|2020-03-25,NON_GA,"[0.0, 1.0]"
hCoV-19/Spain/PV-IBV-000918/2020|EPI_ISL_452651|2020-03-27,NON_GA,"[0.0, 1.0]"
hCoV-19/Spain/AS-IBV-98006598/2020|EPI_ISL_654642|2020-03-12,NON_GA,"[0.0, 1.0]"
hCoV-19/Spain/MC-IBV-002894/2020|EPI_ISL_474934|2020-03-18,NON_GA,"[0.0, 1.0]"
hCoV-19/Italy/LAZ-INMI5/2020|EPI_ISL_417923|2020-03-04,NON_GA,"[0.0, 1.0]"
hCoV-19/Italy/LOM-INMI-BG-9209/2020|EPI_ISL_460082|2020-02-26,NON_GA,"[0.0, 1.0]"
hCoV-19/Canada/Qc-LSPQ-L00240479/2020|EPI_ISL_536272|2020-03-27,NON_GA,"[0.0, 1.0]"
hCoV-19/Spain/IB-IBV-2506/2020|EPI_ISL_468976|2020-03-20,NON_GA,"[0.0, 1.0]"
hCoV-19/Spain/AN-IBV-001327/2020|EPI_ISL_452546|2020-03-23,NON_GA,"[0.0, 1.0]"
hCoV-19/Spain/MD-IBV-005345/2020|EPI_ISL_510222|2020-03-19,NON_GA,"[0.0, 1.0]"
hCoV-19/Spain/IB-IBV-2507/2020|EPI_ISL_469004|2020-03-21,NON_GA,"[0.0, 1.0]"
hCoV-19/Spain/AR-IBV-2390/2020|EPI_ISL_468800|2020-03-27,NON_GA,"[0.0, 1.0]"
hCoV-19/Italy/LOM-UniMI-L250/2020|EPI_ISL_542222|2020-02-22,NON_GA,"[0.0, 1.0]"
hCoV-19/Italy/LOM-INMI-BS-12256/2020|EPI_ISL_460084|2020-02-29,NON_GA,"[0.0, 1.0]"
hCoV-19/Spain/VC-IBV-98003087/2020|EPI_ISL_538023|2020-03-14,NON_GA,"[0.0, 1.0]"
hCoV-19/Spain/AN-IBV-002930/2020|EPI_ISL_474874|2020-03-24,NON_GA,"[0.0, 1.0]"
hCoV-19/Spain/PV-IBV-003238/2020|EPI_ISL_480983|2020-03-15,NON_GA,"[0.0, 0.9999999999999999]"
hCoV-19/Spain/CT-IBV-003150/2020|EPI_ISL_510247|2020-03-16,NON_GA,"[0.0, 1.0]"
hCoV-19/Spain/AR-IBV-2395/2020|EPI_ISL_468853|2020-03-23,NON_GA,"[0.0, 1.0]"
hCoV-19/Spain/GA-IBV-004064/2020|EPI_ISL_510302|2020-03-18,NON_GA,"[0.0, 1.0]"
hCoV-19/Spain/PV-IBV-003235/2020|EPI_ISL_481018|2020-03-14,NON_GA,"[0.0, 1.0]"
hCoV-19/Spain/EX-IBV-005012/2020|EPI_ISL_510321|2020-03-12,NON_GA,"[0.0, 1.0]"
hCoV-19/Spain/MD-IBV-005287/2020|EPI_ISL_510173|2020-03-15,NON_GA,"[0.0, 0.9999999999999999]"
hCoV-19/Spain/VC-FISABIO-272/2020|EPI_ISL_436367|2020-03-25,NON_GA,"[0.0, 1.0]"
hCoV-19/Italy/TUS-UOS-6/2020|EPI_ISL_591333|2020-03-21,NON_GA,"[0.0, 1.0]"
hCoV-19/Spain/AN-IBV-002980/2020|EPI_ISL_474943|2020-03-31,NON_GA,"[0.0, 0.9999999999999999]"
hCoV-19/Spain/AN-IBV-002848/2020|EPI_ISL_474857|2020-03-13,NON_GA,"[0.0, 1.0]"
hCoV-19/Spain/VC-FISABIO-1/2020|EPI_ISL_414495|2020-03-08,NON_GA,"[0.0, 0.9999999999999999]"
hCoV-19/Spain/PV-IBV-003202/2020|EPI_ISL_481000|2020-03-12,NON_GA,"[0.0, 1.0]"
hCoV-19/Spain/NC-IBV-001384/2020|EPI_ISL_452517|2020-03-15,NON_GA,"[0.0, 0.9999999999999999]"
hCoV-19/Turkey/HSGM-1004/2020|EPI_ISL_437316|2020-03-25,NON_GA,"[0.0, 1.0]"
hCoV-19/Spain/AN-IBV-002983/2020|EPI_ISL_474908|2020-03-31,NON_GA,"[0.0, 0.9999999999999999]"
hCoV-19/Spain/AS-IBV-98006607/2020|EPI_ISL_654651|2020-03-13,NON_GA,"[0.0, 1.0]"
hCoV-19/Spain/AN-IBV-001081/2020|EPI_ISL_452604|2020-03-26,NON_GA,"[0.0, 1.0]"
hCoV-19/Spain/MD-H12-3607/2020|EPI_ISL_428706|2020-03-21,NON_GA,"[0.0, 1.0]"
hCoV-19/USA/PA-MGSC11-04/2020|EPI_ISL_436466|2020-03-23,NON_GA,"[0.0, 1.0]"
hCoV-19/Spain/MD-IBV-004908/2020|EPI_ISL_481077|2020-03-10,NON_GA,"[0.0, 1.0]"
hCoV-19/Spain/AR-IBV-2465/2020|EPI_ISL_468810|2020-03-24,NON_GA,"[0.0, 1.0]"
hCoV-19/Spain/VC-FISABIO-51/2020|EPI_ISL_420132|2020-03-18,NON_GA,"[0.0, 1.0]"
hCoV-19/Spain/MD-ISCIII-201706/2020|EPI_ISL_419235|2020-03-07,NON_GA,"[0.0, 1.0]"
hCoV-19/Spain/CT-IBV-003165/2020|EPI_ISL_510261|2020-03-16,NON_GA,"[0.0, 1.0]"
hCoV-19/France/NAQ-SC203/2020|EPI_ISL_645169|2020-03-05,NON_GA,"[0.0, 0.9999999999999999]"
hCoV-19/Spain/VC-FISABIO-274/2020|EPI_ISL_436369|2020-03-26,NON_GA,"[0.0, 1.0]"
hCoV-19/Romania/Suceava-5894/2020|EPI_ISL_468144|2020-03-25,NON_GA,"[0.0, 1.0]"
hCoV-19/South_Korea/KCDC2189/2020|EPI_ISL_506983|2020-03-28,NON_GA,"[0.0, 0.9999999999999999]"
hCoV-19/Spain/PV-IBV-003190/2020|EPI_ISL_480962|2020-03-08,NON_GA,"[0.0, 0.9999999999999999]"
hCoV-19/Spain/AR-IBV-2434/2020|EPI_ISL_468829|2020-03-24,NON_GA,"[0.0, 1.0]"
hCoV-19/Italy/LOM-UniMI05/2020|EPI_ISL_779704|2020-02-24,NON_GA,"[0.0, 1.0]"
hCoV-19/Argentina/PAIS-G0003/2020|EPI_ISL_792527|2020-03-23,NON_GA,"[0.0, 1.0]"
hCoV-19/Spain/CT-IBV-003154/2020|EPI_ISL_510251|2020-03-16,NON_GA,"[0.0, 1.0]"
NODE_0004475,NON_GA,"[0.00193225346793538, 0.9980677465320645]"
hCoV-19/Spain/AN-IBV-001883/2020|EPI_ISL_452464|2020-03-12,NON_GA,"[0.0, 1.0]"
hCoV-19/Spain/RI-IBV-006002/2020|EPI_ISL_500433|2020-03-28,NON_GA,"[0.0, 1.0]"
NODE_0004473,NON_GA,"[0.0057858971072928655, 0.9942141028927072]"
hCoV-19/Spain/AN-IBV-001196/2020|EPI_ISL_452562|2020-03-25,NON_GA,"[0.0, 1.0]"
hCoV-19/Spain/AN-IBV-001119/2020|EPI_ISL_452582|2020-03-27,NON_GA,"[0.0, 0.9999999999999999]"
NODE_0004472,NON_GA,"[0.00465455257239099, 0.995345447427609]"
hCoV-19/Spain/IB-IBV-2522/2020|EPI_ISL_469000|2020-03-20,NON_GA,"[0.0, 1.0]"
hCoV-19/Spain/CN-IBV-97006505/2020|EPI_ISL_537713|2020-03-29,NON_GA,"[0.0, 1.0]"
NODE_0004457,NON_GA,"[0.0007956576737094943, 0.9992043423262904]"
hCoV-19/Spain/VC-IBV-98003085/2020|EPI_ISL_538021|2020-03-14,NON_GA,"[0.0, 1.0]"
hCoV-19/Spain/VC-FISABIO-129/2020|EPI_ISL_436224|2020-03-15,NON_GA,"[0.0, 0.9999999999999999]"
NODE_0004455,NON_GA,"[0.0057198787634285125, 0.9942801212365715]"
hCoV-19/Brazil/BA-42/2020|EPI_ISL_978527|2020-03-26,NON_GA,"[0.0, 0.9999999999999999]"
hCoV-19/Brazil/BA-42.1/2020|EPI_ISL_1068356|2020-03-26,NON_GA,"[0.0, 0.9999999999999999]"
NODE_0004398,NON_GA,"[0.0018522036685472408, 0.9981477963314527]"
hCoV-19/Spain/GA-IBV-004041/2020|EPI_ISL_510280|2020-03-16,NON_GA,"[0.0, 1.0]"
hCoV-19/Spain/GA-IBV-004052/2020|EPI_ISL_510291|2020-03-18,NON_GA,"[0.0, 1.0]"
NODE_0004395,NON_GA,"[0.003978280294336067, 0.996021719705664]"
hCoV-19/Spain/VC-IBV-98006950/2020|EPI_ISL_796139|2020-03-21,NON_GA,"[0.0, 1.0]"
hCoV-19/Spain/VC-IBV-98003494/2020|EPI_ISL_539284|2020-03-22,NON_GA,"[0.0, 1.0]"
NODE_0004342,NON_GA,"[0.004170878519351809, 0.9958291214806481]"
hCoV-19/Spain/VC-FISABIO-156/2020|EPI_ISL_436251|2020-03-19,NON_GA,"[0.0, 1.0]"
hCoV-19/Spain/VC-FISABIO-551/2020|EPI_ISL_447493|2020-03-26,NON_GA,"[0.0, 1.0]"
NODE_0004334,NON_GA,"[0.0003050889886783219, 0.9996949110113217]"
hCoV-19/Italy/LOM-INMI-9675/2020|EPI_ISL_460095|2020-02-26,NON_GA,"[0.0, 1.0]"
hCoV-19/Zhejiang/OS6/2020|EPI_ISL_455690|2020-03-24,NON_GA,"[0.0, 1.0]"
NODE_0004329,NON_GA,"[0.00023859927751137332, 0.9997614007224885]"
hCoV-19/Italy/MOL-ISS-1408/2020|EPI_ISL_856881|2020-03-03,NON_GA,"[0.0, 1.0]"
hCoV-19/Italy/CAM-INMI-32803-66/2020|EPI_ISL_493333|2020-03-28,NON_GA,"[0.0, 1.0]"
NODE_0004305,NON_GA,"[0.0058148504081237395, 0.9941851495918763]"
hCoV-19/Spain/CT-ISCIII-209815/2020|EPI_ISL_539554|2020-03-24,NON_GA,"[0.0, 1.0]"
hCoV-19/Spain/CT-IBV-003726/2020|EPI_ISL_480989|2020-03-29,NON_GA,"[0.0, 0.9999999999999999]"
NODE_0004198,NON_GA,"[0.0015043077704894284, 0.9984956922295106]"
hCoV-19/Spain/CT-IrsiCaixa-2020030095/2020|EPI_ISL_510689|2020-03-13,NON_GA,"[0.0, 1.0]"
hCoV-19/Spain/MD-HLP-LP10-12/2020|EPI_ISL_417969|2020-03-09,NON_GA,"[0.0, 1.0]"
NODE_0004283,NON_GA,"[0.002613982490107628, 0.9973860175098924]"
hCoV-19/Iceland/269/2020|EPI_ISL_417597|2020-03-17,NON_GA,"[0.0, 1.0]"
hCoV-19/Iceland/450/2020|EPI_ISL_424474|2020-03-20,NON_GA,"[0.0, 1.0]"
NODE_0004448,NON_GA,"[0.002368195211363517, 0.9976318047886363]"
hCoV-19/Spain/AN-IBV-001091/2020|EPI_ISL_452595|2020-03-27,NON_GA,"[0.0, 1.0]"
NODE_0004449,NON_GA,"[0.0028840812049554325, 0.9971159187950446]"
hCoV-19/Spain/IB-IBV-2543/2020|EPI_ISL_468990|2020-03-17,NON_GA,"[0.0, 1.0]"
hCoV-19/Spain/NC-IBV-001424/2020|EPI_ISL_452477|2020-03-22,NON_GA,"[0.0, 1.0]"
NODE_0004330,NON_GA,"[0.003313255401321647, 0.9966867445986782]"
hCoV-19/Romania/Suceava-4682/2020|EPI_ISL_468137|2020-03-22,NON_GA,"[0.0, 1.0]"
hCoV-19/Romania/Bucuresti-4322/2020|EPI_ISL_468136|2020-03-22,NON_GA,"[0.0, 1.0]"
hCoV-19/Romania/Suceava-5709/2020|EPI_ISL_468138|2020-03-25,NON_GA,"[0.0, 1.0]"
NODE_0004339,NON_GA,"[0.0015161735135933074, 0.9984838264864068]"
NODE_0004340,NON_GA,"[0.0006165899220588427, 0.9993834100779411]"
hCoV-19/Spain/ML-ISCIII-202452/2020|EPI_ISL_455348|2020-03-14,NON_GA,"[0.0, 0.9999999999999999]"
hCoV-19/Spain/ML-ISCIII-202454/2020|EPI_ISL_455349|2020-03-14,NON_GA,"[0.0, 0.9999999999999999]"
NODE_0004341,NON_GA,"[0.00018623473622389364, 0.9998137652637761]"
hCoV-19/Italy/VEN-UniVR-38/2020|EPI_ISL_751350|2020-03-08,NON_GA,"[0.0, 1.0]"
hCoV-19/Italy/VEN-UniVR-72/2020|EPI_ISL_751381|2020-03-17,NON_GA,"[0.0, 0.9999999999999999]"
NODE_0004321,NON_GA,"[0.0014880396397557157, 0.9985119603602443]"
hCoV-19/Spain/MD-IBV-97010085/2020|EPI_ISL_779765|2020-03-26,NON_GA,"[0.0, 0.9999999999999999]"
NODE_0004322,NON_GA,"[0.0018812667602659853, 0.998118733239734]"
hCoV-19/Spain/VC-FISABIO-79/2020|EPI_ISL_425203|2020-03-20,NON_GA,"[0.0, 1.0]"
hCoV-19/Spain/ML-ISCIII-202135/2020|EPI_ISL_455346|2020-03-11,NON_GA,"[0.0, 0.9999999999999999]"
hCoV-19/Spain/VC-FISABIO-241/2020|EPI_ISL_436336|2020-03-26,NON_GA,"[0.0, 1.0]"
NODE_0004285,NON_GA,"[0.0034355748630226016, 0.9965644251369774]"
hCoV-19/Romania/Suceava-5722/2020|EPI_ISL_468140|2020-03-25,NON_GA,"[0.0, 0.9999999999999999]"
hCoV-19/Romania/Suceava-5710/2020|EPI_ISL_468139|2020-03-25,NON_GA,"[0.0, 0.9999999999999999]"
NODE_0004287,NON_GA,"[0.0030843944946962495, 0.9969156055053038]"
hCoV-19/Romania/Suceava-5806/2020|EPI_ISL_468141|2020-03-25,NON_GA,"[0.0, 1.0]"
hCoV-19/Romania/Suceava-5893/2020|EPI_ISL_468143|2020-03-25,NON_GA,"[0.0, 1.0]"
NODE_0004313,NON_GA,"[0.0007876831028637328, 0.9992123168971363]"
hCoV-19/Portugal/PT0136/2020|EPI_ISL_453852|2020-03-26,NON_GA,"[0.0, 0.9999999999999999]"
hCoV-19/Spain/CT-IBV-003151/2020|EPI_ISL_510248|2020-03-16,NON_GA,"[0.0, 1.0]"
hCoV-19/Spain/CT-HUVH-VH6552/2020|EPI_ISL_444984|2020-03-23,NON_GA,"[0.0, 1.0]"
hCoV-19/Spain/AR-IBV-2439/2020|EPI_ISL_468849|2020-03-27,NON_GA,"[0.0, 1.0]"
NODE_0004316,NON_GA,"[0.001141473890865625, 0.9988585261091343]"
hCoV-19/Spain/IB-IBV-2544/2020|EPI_ISL_468993|2020-03-25,NON_GA,"[0.0, 1.0]"
NODE_0004317,NON_GA,"[0.001217308923145279, 0.9987826910768547]"
hCoV-19/Hong_Kong/HKPU-00237/2020|EPI_ISL_1289435|2020-03-20,NON_GA,"[0.0, 0.9999999999999999]"
hCoV-19/Hong_Kong/HKU-200723-044/2020|EPI_ISL_497811|2020-03-30,NON_GA,"[0.0, 1.0]"
NODE_0004290,NON_GA,"[0.00014307630315791968, 0.999856923696842]"
hCoV-19/Norway/2160/2020|EPI_ISL_590917|2020-03-17,NON_GA,"[0.0, 1.0]"
hCoV-19/Spain/PV-IBV-003237/2020|EPI_ISL_480978|2020-03-15,NON_GA,"[0.0, 1.0]"
hCoV-19/Spain/VC-FISABIO-223/2020|EPI_ISL_436318|2020-03-26,NON_GA,"[0.0, 1.0]"
hCoV-19/Spain/PV-IBV-001462/2020|EPI_ISL_467179|2020-03-18,NON_GA,"[0.0, 0.9999999999999999]"
hCoV-19/Spain/AR-IBV-2398/2020|EPI_ISL_468795|2020-03-26,NON_GA,"[0.0, 1.0]"
hCoV-19/England/LIVE-A9D8A/2020|EPI_ISL_517359|2020-03-23,NON_GA,"[0.0, 1.0]"
hCoV-19/Spain/VC-FISABIO-219/2020|EPI_ISL_436314|2020-03-25,NON_GA,"[0.0, 1.0]"
hCoV-19/Spain/AR-IBV-2424/2020|EPI_ISL_468850|2020-03-24,NON_GA,"[0.0, 1.0]"
hCoV-19/Spain/AS-IBV-98006626/2020|EPI_ISL_654662|2020-03-25,NON_GA,"[0.0, 1.0]"
NODE_0004181,NON_GA,"[7.006910029924954e-07, 0.9999992993089969]"
hCoV-19/Spain/VC-FISABIO-471/2020|EPI_ISL_447471|2020-03-26,NON_GA,"[0.0, 1.0]"
hCoV-19/Spain/VC-FISABIO-206/2020|EPI_ISL_436301|2020-03-17,NON_GA,"[0.0, 1.0]"
hCoV-19/Spain/VC-FISABIO-174/2020|EPI_ISL_436269|2020-03-20,NON_GA,"[0.0, 0.9999999999999999]"
hCoV-19/Spain/VC-FISABIO-50/2020|EPI_ISL_420131|2020-03-18,NON_GA,"[0.0, 1.0]"
hCoV-19/Spain/VC-IBV-98006942/2020|EPI_ISL_796135|2020-03-18,NON_GA,"[0.0, 1.0]"
hCoV-19/Spain/VC-FISABIO-195/2020|EPI_ISL_436290|2020-03-13,NON_GA,"[0.0, 1.0]"
hCoV-19/Spain/AR-IBV-2483/2020|EPI_ISL_468785|2020-03-24,NON_GA,"[0.0, 0.9999999999999999]"
hCoV-19/Scotland/CVR176/2020|EPI_ISL_425716|2020-03-17,NON_GA,"[0.0, 1.0]"
hCoV-19/Spain/VC-FISABIO-188/2020|EPI_ISL_436283|2020-03-17,NON_GA,"[0.0, 1.0]"
hCoV-19/Spain/VC-FISABIO-190/2020|EPI_ISL_436285|2020-03-24,NON_GA,"[0.0, 0.9999999999999999]"
hCoV-19/Spain/GA-IBV-004049/2020|EPI_ISL_510288|2020-03-17,NON_GA,"[0.0, 1.0]"
hCoV-19/Spain/AR-IBV-2394/2020|EPI_ISL_468823|2020-03-24,NON_GA,"[0.0, 0.9999999999999999]"
hCoV-19/Spain/AR-IBV-2441/2020|EPI_ISL_468809|2020-03-28,NON_GA,"[0.0, 0.9999999999999999]"
hCoV-19/Spain/MD-H12-LP23-5852/2020|EPI_ISL_428679|2020-03-08,NON_GA,"[0.0, 1.0]"
hCoV-19/England/LIVE-A6312/2020|EPI_ISL_499701|2020-03-19,NON_GA,"[0.0, 1.0]"
NODE_0004192,NON_GA,"[0.0018777292825064758, 0.9981222707174935]"
hCoV-19/Spain/AR-IBV-2452/2020|EPI_ISL_468852|2020-03-24,NON_GA,"[0.0, 0.9999999999999999]"
hCoV-19/Belgium/UGent-2/2020|EPI_ISL_425050|2020-03-24,NON_GA,"[0.0, 0.9999999999999999]"
NODE_0004207,NON_GA,"[8.121601283620541e-07, 0.9999991878398716]"
hCoV-19/Spain/MD-IBV-005311/2020|EPI_ISL_510191|2020-03-17,NON_GA,"[0.0, 1.0]"
hCoV-19/Spain/CT-HUVH-VH5325/2020|EPI_ISL_444982|2020-03-21,NON_GA,"[0.0, 0.9999999999999999]"
hCoV-19/Spain/VC-IBV-98003082/2020|EPI_ISL_538018|2020-03-14,NON_GA,"[0.0, 0.9999999999999999]"
hCoV-19/Scotland/EDB070/2020|EPI_ISL_425868|2020-03-22,NON_GA,"[0.0, 0.9999999999999999]"
hCoV-19/Shandong/2020C1240537/2020|EPI_ISL_962535|2020-03-19,NON_GA,"[0.0, 1.0]"
hCoV-19/Spain/AN-IBV-001900/2020|EPI_ISL_467064|2020-03-15,NON_GA,"[0.0, 1.0]"
hCoV-19/Spain/AR-IBV-2467/2020|EPI_ISL_468801|2020-03-18,NON_GA,"[0.0, 0.9999999999999999]"
hCoV-19/Spain/AN-IBV-001902/2020|EPI_ISL_467074|2020-03-15,NON_GA,"[0.0, 1.0]"
hCoV-19/Spain/PV-IBV-003230/2020|EPI_ISL_480988|2020-03-15,NON_GA,"[0.0, 1.0]"
hCoV-19/Zhejiang/OS3/2020|EPI_ISL_455691|2020-03-24,NON_GA,"[0.0, 1.0]"
hCoV-19/Spain/MD-H12-16/2020|EPI_ISL_430718|2020-03-10,NON_GA,"[0.0, 1.0]"
hCoV-19/Spain/AR-IBV-2414/2020|EPI_ISL_468772|2020-03-24,NON_GA,"[0.0, 1.0]"
hCoV-19/Netherlands/NA_236/2020|EPI_ISL_422770|2020-03-26,NON_GA,"[0.0, 0.9999999999999999]"
hCoV-19/Spain/VC-FISABIO-142/2020|EPI_ISL_436237|2020-03-18,NON_GA,"[0.0, 0.9999999999999999]"
hCoV-19/Spain/VC-IBV-98004506/2020|EPI_ISL_796095|2020-03-25,NON_GA,"[0.0, 0.9999999999999999]"
hCoV-19/Spain/MD-H12-3304/2020|EPI_ISL_428703|2020-03-11,NON_GA,"[0.0, 0.9999999999999999]"
hCoV-19/Spain/MD-IBV-005314/2020|EPI_ISL_510194|2020-03-16,NON_GA,"[0.0, 1.0]"
hCoV-19/Spain/MD-IBV-97010044/2020|EPI_ISL_779726|2020-03-12,NON_GA,"[0.0, 1.0]"
hCoV-19/Spain/NC-IBV-001409/2020|EPI_ISL_452492|2020-03-20,NON_GA,"[0.0, 1.0]"
hCoV-19/France/OCC-SC490/2020|EPI_ISL_660687|2020-03-25,NON_GA,"[0.0, 0.9999999999999999]"
hCoV-19/Germany/HH-hpi-p1984/2020|EPI_ISL_776302|2020-03-26,NON_GA,"[0.0, 0.9999999999999999]"
hCoV-19/Mexico/GUA-IBT-IMSS-428/2020|EPI_ISL_1301621|2020-03-26,NON_GA,"[0.0, 0.9999999999999999]"
hCoV-19/Portugal/PT0089/2020|EPI_ISL_421492|2020-03-22,NON_GA,"[0.0, 0.9999999999999999]"
hCoV-19/Spain/MD-IBV-005282/2020|EPI_ISL_510168|2020-03-10,NON_GA,"[0.0, 1.0]"
hCoV-19/Spain/VC-FISABIO-147/2020|EPI_ISL_436242|2020-03-18,NON_GA,"[0.0, 0.9999999999999999]"
hCoV-19/Spain/NC-IBV-001394/2020|EPI_ISL_452507|2020-03-18,NON_GA,"[0.0, 0.9999999999999999]"
hCoV-19/Spain/MD-IBV-97010093/2020|EPI_ISL_779769|2020-03-26,NON_GA,"[0.0, 0.9999999999999999]"
hCoV-19/Spain/VC-IBV-98003102/2020|EPI_ISL_538038|2020-03-15,NON_GA,"[0.0, 1.0]"
hCoV-19/Spain/VC-FISABIO-654/2020|EPI_ISL_455743|2020-03-30,NON_GA,"[0.0, 1.0]"
hCoV-19/Spain/VC-IBV-98003092/2020|EPI_ISL_538028|2020-03-14,NON_GA,"[0.0, 0.9999999999999999]"
hCoV-19/Spain/IB-IBV-2496/2020|EPI_ISL_468989|2020-03-16,NON_GA,"[0.0, 1.0]"
hCoV-19/Spain/MD-IBV-005350/2020|EPI_ISL_510227|2020-03-19,NON_GA,"[0.0, 1.0]"
hCoV-19/Spain/RI-IBV-006024/2020|EPI_ISL_500454|2020-03-29,NON_GA,"[0.0, 1.0]"
hCoV-19/Spain/VC-FISABIO-134/2020|EPI_ISL_436229|2020-03-18,NON_GA,"[0.0, 0.9999999999999999]"
hCoV-19/Spain/MD-IBV-004913/2020|EPI_ISL_481083|2020-03-11,NON_GA,"[0.0, 0.9999999999999999]"
hCoV-19/Spain/PV-IBV-000925/2020|EPI_ISL_452646|2020-03-27,NON_GA,"[0.0, 1.0]"
hCoV-19/Spain/VC-FISABIO-565/2020|EPI_ISL_447497|2020-03-27,NON_GA,"[0.0, 1.0]"
hCoV-19/Spain/AR-IBV-2422/2020|EPI_ISL_468815|2020-03-24,NON_GA,"[0.0, 1.0]"
hCoV-19/Spain/AN-IBV-002929/2020|EPI_ISL_474873|2020-03-23,NON_GA,"[0.0, 1.0]"
hCoV-19/Spain/NC-IBV-001422/2020|EPI_ISL_452479|2020-03-22,NON_GA,"[0.0, 0.9999999999999999]"
hCoV-19/Italy/VEN-SI_101/2020|EPI_ISL_1181766|2020-03-26,NON_GA,"[0.0, 0.9999999999999999]"
hCoV-19/Spain/CN-IBV-97006489/2020|EPI_ISL_537703|2020-03-25,NON_GA,"[0.0, 0.9999999999999999]"
hCoV-19/Spain/CN-IBV-002596/2020|EPI_ISL_474912|2020-03-15,NON_GA,"[0.0, 1.0]"
hCoV-19/Spain/MD-IBV-97010008/2020|EPI_ISL_683669|2020-03-10,NON_GA,"[0.0, 1.0]"
hCoV-19/Spain/AN-IBV-001122/2020|EPI_ISL_452579|2020-03-27,NON_GA,"[0.0, 1.0]"
hCoV-19/Mexico/NLE-UANL-126/2020|EPI_ISL_648595|2020-03-16,NON_GA,"[0.0, 1.0]"
hCoV-19/Spain/CN-IBV-97006508/2020|EPI_ISL_537716|2020-03-30,NON_GA,"[0.0, 1.0]"
hCoV-19/Spain/CT-HUVH-14601/2020|EPI_ISL_819305|2020-03-21,NON_GA,"[0.0, 0.9999999999999999]"
hCoV-19/Scotland/CVR199/2020|EPI_ISL_425729|2020-03-18,NON_GA,"[0.0, 0.9999999999999999]"
hCoV-19/Spain/AS-IBV-98006629/2020|EPI_ISL_654663|2020-03-31,NON_GA,"[0.0, 0.9999999999999999]"
hCoV-19/Spain/MD-H12-49/2020|EPI_ISL_529982|2020-03-27,NON_GA,"[0.0, 1.0]"
hCoV-19/Spain/CT-HUVH-VH6837/2020|EPI_ISL_444985|2020-03-23,NON_GA,"[0.0, 1.0]"
hCoV-19/Spain/VC-FISABIO-222/2020|EPI_ISL_436317|2020-03-26,NON_GA,"[0.0, 0.9999999999999999]"
hCoV-19/Spain/VC-IBV-98003099/2020|EPI_ISL_538035|2020-03-15,NON_GA,"[0.0, 1.0]"
hCoV-19/Germany/SH-hpi-p1886/2020|EPI_ISL_776556|2020-03-24,NON_GA,"[0.0, 1.0]"
hCoV-19/Slovenia/7175/2020|EPI_ISL_635236|2020-03-13,NON_GA,"[0.0, 1.0]"
hCoV-19/Germany/HH-hpi-p2013/2020|EPI_ISL_776321|2020-03-21,NON_GA,"[0.0, 0.9999999999999999]"
hCoV-19/Spain/RI-IBV-99005913/2020|EPI_ISL_537451|2020-03-26,NON_GA,"[0.0, 0.9999999999999999]"
hCoV-19/Spain/AN-IBV-001118/2020|EPI_ISL_452583|2020-03-27,NON_GA,"[0.0, 1.0]"
hCoV-19/Spain/RI-IBV-99005855/2020|EPI_ISL_537398|2020-03-24,NON_GA,"[0.0, 1.0]"
hCoV-19/Spain/AN-IBV-001901/2020|EPI_ISL_467070|2020-03-15,NON_GA,"[0.0, 1.0]"
hCoV-19/Spain/EX-IBV-005003/2020|EPI_ISL_510312|2020-03-13,NON_GA,"[0.0, 1.0]"
hCoV-19/Spain/CT-HUVH-VH7924/2020|EPI_ISL_450337|2020-03-25,NON_GA,"[0.0, 0.9999999999999999]"
hCoV-19/Spain/VC-FISABIO-155/2020|EPI_ISL_436250|2020-03-19,NON_GA,"[0.0, 1.0]"
hCoV-19/England/NORT-294BA4/2020|EPI_ISL_488606|2020-03-28,NON_GA,"[0.0, 1.0]"
hCoV-19/Spain/CT-HUVH-16830/2020|EPI_ISL_819308|2020-03-23,NON_GA,"[0.0, 1.0]"
hCoV-19/Spain/VC-FISABIO-135/2020|EPI_ISL_436230|2020-03-18,NON_GA,"[0.0, 0.9999999999999999]"
hCoV-19/Chile/LI-ISPCH-1/2020|EPI_ISL_445273|2020-03-16,NON_GA,"[0.0, 1.0]"
hCoV-19/Spain/IB-IBV-99007192/2020|EPI_ISL_541951|2020-03-08,NON_GA,"[0.0, 1.0]"
hCoV-19/Spain/PV-IBV-003227/2020|EPI_ISL_480999|2020-03-14,NON_GA,"[0.0, 0.9999999999999999]"
hCoV-19/Spain/PV-IBV-001421/2020|EPI_ISL_452480|2020-03-22,NON_GA,"[0.0, 0.9999999999999999]"
hCoV-19/Spain/AN-IBV-001147/2020|EPI_ISL_452578|2020-03-28,NON_GA,"[0.0, 1.0]"
hCoV-19/Spain/CT-IBV-003152/2020|EPI_ISL_510249|2020-03-16,NON_GA,"[0.0, 1.0]"
hCoV-19/Spain/RI-IBV-98002369/2020|EPI_ISL_537865|2020-03-12,NON_GA,"[0.0, 1.0]"
hCoV-19/Spain/AN-IBV-001913/2020|EPI_ISL_467079|2020-03-16,NON_GA,"[0.0, 1.0]"
NODE_0001041,NON_GA,"[8.546310825089e-38, 1.0]"
hCoV-19/Italy/LOM-UniMI-L105/2020|EPI_ISL_542103|2020-03-02,NON_GA,"[0.0, 1.0]"
hCoV-19/Italy/ABR-IZSGC-TE8387/2020|EPI_ISL_529026|2020-03-30,NON_GA,"[0.0, 0.9999999999999999]"
hCoV-19/South_Africa/KRISP-109/2020|EPI_ISL_455639|2020-03-31,NON_GA,"[0.0, 0.9999999999999999]"
hCoV-19/England/CAMB-765F7/2020|EPI_ISL_438493|2020-03-30,NON_GA,"[0.0, 0.9999999999999999]"
hCoV-19/Italy/ABR-IZSGC-TE5674/2020|EPI_ISL_429228|2020-03-20,NON_GA,"[0.0, 1.0]"
hCoV-19/Germany/HH-hpi-p1513/2020|EPI_ISL_775906|2020-03-15,NON_GA,"[0.0, 1.0]"
hCoV-19/Slovakia/UKBA-212/2020|EPI_ISL_577742|2020-03-31,NON_GA,"[0.0, 0.9999999999999999]"
hCoV-19/Italy/LOM-UniMI-L425/2020|EPI_ISL_542344|2020-03-10,NON_GA,"[0.0, 1.0]"
hCoV-19/Italy/LOM-UniMI-L149/2020|EPI_ISL_542144|2020-03-19,NON_GA,"[0.0, 1.0]"
hCoV-19/Italy/ABR-IZSGC-TE6571/2020|EPI_ISL_429231|2020-03-24,NON_GA,"[0.0, 1.0]"
hCoV-19/Italy/VEN-UniVR-103/2020|EPI_ISL_751408|2020-03-26,NON_GA,"[0.0, 1.0]"
hCoV-19/England/BRIS-125D1C/2020|EPI_ISL_443691|2020-03-30,NON_GA,"[0.0, 0.9999999999999999]"
hCoV-19/Italy/LOM-INMI-9491/2020|EPI_ISL_460089|2020-02-26,NON_GA,"[0.0, 1.0]"
hCoV-19/Italy/ABR-IZSGC-TE4959/2020|EPI_ISL_418259|2020-03-14,NON_GA,"[0.0, 1.0]"
hCoV-19/Greece/154/2020|EPI_ISL_434469|2020-03-20,NON_GA,"[0.0, 1.0]"
hCoV-19/Italy/LOM-UniMI-L144/2020|EPI_ISL_542139|2020-03-19,NON_GA,"[0.0, 1.0]"
hCoV-19/England/BRIS-125BE5/2020|EPI_ISL_443987|2020-03-29,NON_GA,"[0.0, 1.0]"
hCoV-19/England/20142025204/2020|EPI_ISL_465936|2020-03-30,NON_GA,"[0.0, 0.9999999999999999]"
hCoV-19/England/20134018004/2020|EPI_ISL_423097|2020-03-23,NON_GA,"[0.0, 1.0]"
hCoV-19/Norway/2090/2020|EPI_ISL_420153|2020-03-16,NON_GA,"[0.0, 1.0]"
hCoV-19/Italy/ABR-IZSGC-TE5268/2020|EPI_ISL_528925|2020-03-18,NON_GA,"[0.0, 0.9999999999999999]"
hCoV-19/Portugal/PT1006/2020|EPI_ISL_511553|2020-03-27,NON_GA,"[0.0, 1.0]"
hCoV-19/Italy/LOM-UniMI-L73/2020|EPI_ISL_542418|2020-03-09,NON_GA,"[0.0, 1.0]"
hCoV-19/England/CAMB-738E2/2020|EPI_ISL_425253|2020-03-29,NON_GA,"[0.0, 1.0]"
hCoV-19/South_Korea/IHC3486/2020|EPI_ISL_541001|2020-03-26,NON_GA,"[0.0, 1.0]"
hCoV-19/Italy/CAL-ISS-5126/2020|EPI_ISL_856890|2020-03-13,NON_GA,"[0.0, 1.0]"
hCoV-19/Italy/AVA-AMVRC-4875/2020|EPI_ISL_457724|2020-03-15,NON_GA,"[0.0, 1.0]"
hCoV-19/England/201140293/2020|EPI_ISL_464720|2020-03-08,NON_GA,"[0.0, 0.9999999999999999]"
hCoV-19/Portugal/PT0986/2020|EPI_ISL_511534|2020-03-23,NON_GA,"[0.0, 1.0]"
hCoV-19/Greece/55_36015/2020|EPI_ISL_447834|2020-03-23,NON_GA,"[0.0, 1.0]"
hCoV-19/England/20129009304/2020|EPI_ISL_423979|2020-03-20,NON_GA,"[0.0, 1.0]"
hCoV-19/Germany/HH-hpi-p1623/2020|EPI_ISL_776075|2020-03-17,NON_GA,"[0.0, 0.9999999999999999]"
hCoV-19/Italy/LOM-UniMI-L84/2020|EPI_ISL_542428|2020-03-10,NON_GA,"[0.0, 1.0]"
hCoV-19/Italy/LOM-UniMI-L321/2020|EPI_ISL_542271|2020-03-01,NON_GA,"[0.0, 0.9999999999999999]"
hCoV-19/England/20129174804/2020|EPI_ISL_424152|2020-03-20,NON_GA,"[0.0, 1.0]"
hCoV-19/Italy/VEN-SI_125/2020|EPI_ISL_1181730|2020-03-20,NON_GA,"[0.0, 1.0]"
hCoV-19/Spain/VC-FISABIO-170/2020|EPI_ISL_436265|2020-03-20,NON_GA,"[0.0, 1.0]"
hCoV-19/USA/MA-MGH-00024/2020|EPI_ISL_460324|2020-03-23,NON_GA,"[0.0, 1.0]"
hCoV-19/Italy/LOM-UniMI-L56/2020|EPI_ISL_542403|2020-03-03,NON_GA,"[0.0, 1.0]"
hCoV-19/Italy/CAM-CRGS-96/2020|EPI_ISL_877002|2020-03-19,NON_GA,"[0.0, 1.0]"
hCoV-19/Germany/HH-hpi-p1893/2020|EPI_ISL_776233|2020-03-24,NON_GA,"[0.0, 1.0]"
hCoV-19/England/LIVE-1D2AAE/2020|EPI_ISL_612405|2020-03-29,NON_GA,"[0.0, 1.0]"
hCoV-19/England/OXON-B40A1/2020|EPI_ISL_534929|2020-03-28,NON_GA,"[0.0, 0.9999999999999999]"
hCoV-19/France/PAC-IHU-0078/2020|EPI_ISL_569294|2020-03-20,NON_GA,"[0.0, 1.0]"
hCoV-19/France/PAC-IHU-0051/2020|EPI_ISL_569271|2020-03-18,NON_GA,"[0.0, 0.9999999999999999]"
hCoV-19/Italy/APU-UniMI-6/2020|EPI_ISL_525570|2020-03-16,NON_GA,"[0.0, 1.0]"
hCoV-19/England/LOND-1286B57/2020|EPI_ISL_842823|2020-03-27,NON_GA,"[0.0, 1.0]"
hCoV-19/Spain/CN-ISCIII-201939/2020|EPI_ISL_455326|2020-02-29,NON_GA,"[0.0, 1.0]"
hCoV-19/Northern_Ireland/NIRE-107466/2020|EPI_ISL_585152|2020-03-31,NON_GA,"[0.0, 0.9999999999999999]"
hCoV-19/England/BRIS-125F07/2020|EPI_ISL_443894|2020-03-31,NON_GA,"[0.0, 0.9999999999999999]"
hCoV-19/England/OXON-B4180/2020|EPI_ISL_534935|2020-03-29,NON_GA,"[0.0, 1.0]"
hCoV-19/Spain/VC-FISABIO-247/2020|EPI_ISL_436342|2020-03-25,NON_GA,"[0.0, 0.9999999999999999]"
hCoV-19/Ecuador/EC-G-2512/2020|EPI_ISL_826802|2020-03-23,NON_GA,"[0.0, 1.0]"
hCoV-19/Italy/VEN-UniVR-8/2020|EPI_ISL_492987|2020-03-05,NON_GA,"[0.0, 1.0]"
hCoV-19/Italy/ABR-IZSGC-TE5780/2020|EPI_ISL_420567|2020-03-21,NON_GA,"[0.0, 1.0]"
hCoV-19/Germany/HH-hpi-p1699/2020|EPI_ISL_776561|2020-03-18,NON_GA,"[0.0, 0.9999999999999999]"
hCoV-19/Germany/HH-hpi-p2164/2020|EPI_ISL_776394|2020-03-28,NON_GA,"[0.0, 0.9999999999999999]"
hCoV-19/Spain/VC-FISABIO-196/2020|EPI_ISL_436291|2020-03-16,NON_GA,"[0.0, 1.0]"
hCoV-19/Scotland/EDB5665/2020|EPI_ISL_487648|2020-03-27,NON_GA,"[0.0, 1.0]"
hCoV-19/Germany/HH-hpi-p1735/2020|EPI_ISL_776114|2020-03-14,NON_GA,"[0.0, 1.0]"
hCoV-19/Spain/CE-ISCIII-205119/2020|EPI_ISL_862655|2020-03-19,NON_GA,"[0.0, 1.0]"
hCoV-19/Italy/VEN-PD05/2020|EPI_ISL_856716|2020-03-23,NON_GA,"[0.0, 1.0]"
hCoV-19/Poland/PL_P29/2020|EPI_ISL_455442|2020-03-18,NON_GA,"[0.0, 0.9999999999999999]"
hCoV-19/Cyprus/001/2020|EPI_ISL_463741|2020-03-11,NON_GA,"[0.0, 1.0]"
hCoV-19/Portugal/PT1460/2020|EPI_ISL_511419|2020-03-29,NON_GA,"[0.0, 1.0]"
hCoV-19/Italy/BAS-UniMI-5062/2020|EPI_ISL_457736|2020-03-24,NON_GA,"[0.0, 1.0]"
hCoV-19/Germany/NW-HHU-191/2020|EPI_ISL_602465|2020-03-29,NON_GA,"[0.0, 1.0]"
hCoV-19/Greece/259_31928/2020|EPI_ISL_447651|2020-03-09,NON_GA,"[0.0, 1.0]"
hCoV-19/Saudi_Arabia/KAIMRC15/2020|EPI_ISL_507020|2020-03-19,NON_GA,"[0.0, 1.0]"
hCoV-19/Portugal/PT1442/2020|EPI_ISL_511401|2020-03-25,NON_GA,"[0.0, 0.9999999999999999]"
hCoV-19/Greece/247_32207/2020|EPI_ISL_447647|2020-03-10,NON_GA,"[0.0, 1.0]"
hCoV-19/Saudi_Arabia/KAIMRC12/2020|EPI_ISL_507018|2020-03-17,NON_GA,"[0.0, 0.9999999999999999]"
hCoV-19/England/LOND-124D15A/2020|EPI_ISL_507058|2020-03-22,NON_GA,"[0.0, 1.0]"
hCoV-19/Germany/BW-FR0062/2020|EPI_ISL_852753|2020-03-05,NON_GA,"[0.0, 1.0]"
hCoV-19/Germany/HH-hpi-p1835/2020|EPI_ISL_776188|2020-03-22,NON_GA,"[0.0, 1.0]"
hCoV-19/Italy/MOL-AMVRC-2389/2020|EPI_ISL_457728|2020-03-04,NON_GA,"[0.0, 1.0]"
hCoV-19/Northern_Ireland/NIRE-102094/2020|EPI_ISL_441375|2020-03-21,NON_GA,"[0.0, 1.0]"
hCoV-19/France/IDF_PSL_87/2020|EPI_ISL_1015071|2020-03-18,NON_GA,"[0.0, 0.9999999999999999]"
hCoV-19/USA/MA-QDX-1455/2020|EPI_ISL_603822|2020-03-16,NON_GA,"[0.0, 1.0]"
hCoV-19/Italy/VEN-UniVR-1/2020|EPI_ISL_492980|2020-03-18,NON_GA,"[0.0, 0.9999999999999999]"
hCoV-19/Sweden/20-08103/2020|EPI_ISL_454474|2020-03-07,NON_GA,"[0.0, 0.9999999999999999]"
hCoV-19/Germany/NW-HHU-41/2020|EPI_ISL_425125|2020-03-18,NON_GA,"[0.0, 0.9999999999999999]"
hCoV-19/France/ARA-SC179/2020|EPI_ISL_634833|2020-03-28,NON_GA,"[0.0, 0.9999999999999999]"
hCoV-19/France/PAC-IHU-0038/2020|EPI_ISL_569262|2020-03-18,NON_GA,"[0.0, 0.9999999999999999]"
hCoV-19/Italy/ABR-IZSGC-TE4953/2020|EPI_ISL_418258|2020-03-14,NON_GA,"[0.0, 1.0]"
hCoV-19/Germany/NW-HHU-167/2020|EPI_ISL_602489|2020-03-17,NON_GA,"[0.0, 0.9999999999999999]"
hCoV-19/Russia/Buryatia-87105/2020|EPI_ISL_428920|2020-03-30,NON_GA,"[0.0, 0.9999999999999999]"
hCoV-19/Italy/CAM-CRGS-94/2020|EPI_ISL_876996|2020-03-18,NON_GA,"[0.0, 0.9999999999999999]"
hCoV-19/France/ARA-SC379/2020|EPI_ISL_645189|2020-03-13,NON_GA,"[0.0, 1.0]"
hCoV-19/Peru/CAL-INS-650/2020|EPI_ISL_1111110|2020-03-27,NON_GA,"[0.0, 1.0]"
hCoV-19/England/201361008/2020|EPI_ISL_421785|2020-03-25,NON_GA,"[0.0, 0.9999999999999999]"
hCoV-19/USA/CT-UW213/2020|EPI_ISL_417362|2020-03-13,NON_GA,"[0.0, 1.0]"
hCoV-19/Turkey/KOC-IST-B316/2020|EPI_ISL_613462|2020-03-29,NON_GA,"[0.0, 1.0]"
hCoV-19/Portugal/PT1325/2020|EPI_ISL_511284|2020-03-18,NON_GA,"[0.0, 0.9999999999999999]"
hCoV-19/Germany/HH-hpi-p2187/2020|EPI_ISL_776415|2020-03-21,NON_GA,"[0.0, 1.0]"
hCoV-19/England/20144013704/2020|EPI_ISL_423508|2020-03-31,NON_GA,"[0.0, 0.9999999999999999]"
hCoV-19/Germany/HH-hpi-p1799/2020|EPI_ISL_776167|2020-03-20,NON_GA,"[0.0, 1.0]"
hCoV-19/South_Korea/KCDC2133/2020|EPI_ISL_498034|2020-03-20,NON_GA,"[0.0, 1.0]"
hCoV-19/USA/CT-UW-651/2020|EPI_ISL_476916|2020-03-13,NON_GA,"[0.0, 1.0]"
hCoV-19/England/SHEF-C0251/2020|EPI_ISL_420196|2020-03-28,NON_GA,"[0.0, 0.9999999999999999]"
hCoV-19/Germany/HH-hpi-p1823/2020|EPI_ISL_776179|2020-03-22,NON_GA,"[0.0, 1.0]"
hCoV-19/Russia/Buryatia-87104/2020|EPI_ISL_428914|2020-03-30,NON_GA,"[0.0, 0.9999999999999999]"
hCoV-19/Sweden/20-50094/2020|EPI_ISL_455850|2020-03-04,NON_GA,"[0.0, 1.0]"
hCoV-19/France/ARA-12217/2020|EPI_ISL_419178|2020-03-22,NON_GA,"[0.0, 1.0]"
hCoV-19/England/CAMB-74C5E/2020|EPI_ISL_425361|2020-03-19,NON_GA,"[0.0, 1.0]"
hCoV-19/USA/CA-QDX-800/2020|EPI_ISL_571493|2020-03-23,NON_GA,"[0.0, 1.0]"
hCoV-19/Portugal/PT1423/2020|EPI_ISL_511382|2020-03-27,NON_GA,"[0.0, 1.0]"
hCoV-19/Italy/SAR-ATS-AMC1-4634/2020|EPI_ISL_457825|2020-03-25,NON_GA,"[0.0, 0.9999999999999999]"
hCoV-19/France/ARA-10251/2020|EPI_ISL_418426|2020-03-17,NON_GA,"[0.0, 0.9999999999999999]"
hCoV-19/Germany/HH-hpi-p1961/2020|EPI_ISL_776286|2020-03-25,NON_GA,"[0.0, 0.9999999999999999]"
hCoV-19/Belgium/ULG-9714/2020|EPI_ISL_418655|2020-03-22,NON_GA,"[0.0, 1.0]"
hCoV-19/South_Korea/KCDC2186/2020|EPI_ISL_506980|2020-03-26,NON_GA,"[0.0, 1.0]"
hCoV-19/Italy/ABR-IZSGC-TE4880/2020|EPI_ISL_418256|2020-03-14,NON_GA,"[0.0, 1.0]"
hCoV-19/Italy/AVA-AMVRC-4870/2020|EPI_ISL_457732|2020-03-14,NON_GA,"[0.0, 1.0]"
hCoV-19/Spain/CN-IBV-002603/2020|EPI_ISL_467086|2020-03-18,NON_GA,"[0.0, 0.9999999999999999]"
hCoV-19/Italy/VEN-UniVR-80/2020|EPI_ISL_751389|2020-03-22,NON_GA,"[0.0, 1.0]"
hCoV-19/Spain/CE-ISCIII-203367/2020|EPI_ISL_862656|2020-03-13,NON_GA,"[0.0, 1.0]"
hCoV-19/France/PAC-IHU-0210/2020|EPI_ISL_569375|2020-03-28,NON_GA,"[0.0, 0.9999999999999999]"
hCoV-19/Germany/NW-HHU-178/2020|EPI_ISL_602500|2020-03-26,NON_GA,"[0.0, 1.0]"
hCoV-19/Switzerland/AG-UZH-1000478260/2020|EPI_ISL_524476|2020-03-02,NON_GA,"[0.0, 1.0]"
hCoV-19/Germany/BY-MVP-0050/2020|EPI_ISL_437249|2020-03-12,NON_GA,"[0.0, 1.0]"
hCoV-19/Portugal/PT1337/2020|EPI_ISL_511296|2020-03-19,NON_GA,"[0.0, 1.0]"
hCoV-19/Greece/216_34732/2020|EPI_ISL_447641|2020-03-18,NON_GA,"[0.0, 0.9999999999999999]"
hCoV-19/Belgium/ULG-3000/2020|EPI_ISL_417004|2020-03-05,NON_GA,"[0.0, 1.0]"
hCoV-19/Portugal/PT0083/2020|EPI_ISL_421486|2020-03-22,NON_GA,"[0.0, 1.0]"
hCoV-19/Portugal/PT0807/2020|EPI_ISL_511066|2020-03-20,NON_GA,"[0.0, 1.0]"
hCoV-19/France/ARA-SC097/2020|EPI_ISL_666683|2020-03-18,NON_GA,"[0.0, 0.9999999999999999]"
hCoV-19/Italy/APU-UniMI-102/2020|EPI_ISL_525553|2020-03-16,NON_GA,"[0.0, 1.0]"
hCoV-19/Portugal/PT0810/2020|EPI_ISL_511069|2020-03-20,NON_GA,"[0.0, 1.0]"
hCoV-19/Russia/Buryatia-84508/2020|EPI_ISL_428913|2020-03-27,NON_GA,"[0.0, 1.0]"
hCoV-19/Italy/APU-POLBA21/2020|EPI_ISL_940753|2020-03-28,NON_GA,"[0.0, 0.9999999999999999]"
hCoV-19/Italy/LOM-ASST-7/2020|EPI_ISL_486663|2020-03-06,NON_GA,"[0.0, 1.0]"
hCoV-19/Germany/HH-hpi-p1846/2020|EPI_ISL_776197|2020-03-22,NON_GA,"[0.0, 1.0]"
hCoV-19/Germany/HH-hpi-p1551/2020|EPI_ISL_776037|2020-03-15,NON_GA,"[0.0, 1.0]"
hCoV-19/Belgium/ULG-10014/2020|EPI_ISL_421192|2020-03-30,NON_GA,"[0.0, 0.9999999999999999]"
hCoV-19/Germany/NW-HHU-19/2020|EPI_ISL_417464|2020-03-14,NON_GA,"[0.0, 1.0]"
hCoV-19/Italy/VEN-UniVR-79/2020|EPI_ISL_751388|2020-03-21,NON_GA,"[0.0, 1.0]"
hCoV-19/England/20132032504/2020|EPI_ISL_423771|2020-03-24,NON_GA,"[0.0, 1.0]"
hCoV-19/England/CAMB-76D95/2020|EPI_ISL_425427|2020-03-31,NON_GA,"[0.0, 0.9999999999999999]"
hCoV-19/USA/MO-MSPHL-000007/2020|EPI_ISL_1362558|2020-03-19,NON_GA,"[0.0, 1.0]"
hCoV-19/Peru/LIM-INS-317/2020|EPI_ISL_1111215|2020-03-13,NON_GA,"[0.0, 1.0]"
hCoV-19/South_Africa/NHLS-UCT-GS-0066/2020|EPI_ISL_1040819|2020-03-27,NON_GA,"[0.0, 1.0]"
hCoV-19/Italy/VEN-UniVR-78/2020|EPI_ISL_751387|2020-03-21,NON_GA,"[0.0, 1.0]"
hCoV-19/Italy/VEN-UniVR-37/2020|EPI_ISL_751349|2020-03-07,NON_GA,"[0.0, 0.9999999999999999]"
hCoV-19/Turkey/HSGM-302/2020|EPI_ISL_437313|2020-03-27,NON_GA,"[0.0, 1.0]"
hCoV-19/Germany/HH-hpi-p2105/2020|EPI_ISL_776352|2020-03-22,NON_GA,"[0.0, 1.0]"
hCoV-19/USA/FL-BPHL-0563/2020|EPI_ISL_508767|2020-03-11,NON_GA,"[0.0, 1.0]"
hCoV-19/Portugal/PT0050/2020|EPI_ISL_421453|2020-03-18,NON_GA,"[0.0, 0.9999999999999999]"
hCoV-19/Germany/TH-IIMK-CaSe-24/2020|EPI_ISL_763089|2020-03-25,NON_GA,"[0.0, 0.9999999999999999]"
hCoV-19/Italy/SIC-AMVRC-4411/2020|EPI_ISL_457721|2020-03-12,NON_GA,"[0.0, 1.0]"
hCoV-19/Japan/PG-1277/2020|EPI_ISL_684886|2020-03-24,NON_GA,"[0.0, 1.0]"
hCoV-19/Ireland/WW-NVRL-24052/2020|EPI_ISL_418584|2020-03-10,NON_GA,"[0.0, 1.0]"
hCoV-19/Italy/ABR-IZSGC-TE6572/2020|EPI_ISL_429232|2020-03-24,NON_GA,"[0.0, 1.0]"
hCoV-19/Portugal/PT0713/2020|EPI_ISL_510972|2020-03-24,NON_GA,"[0.0, 1.0]"
hCoV-19/Italy/ABR-IZSGC-TE5487/2020|EPI_ISL_528926|2020-03-19,NON_GA,"[0.0, 1.0]"
hCoV-19/Italy/LOM-UniMI-L112/2020|EPI_ISL_542109|2020-03-02,NON_GA,"[0.0, 1.0]"
hCoV-19/Italy/LOM-UniMI-L223/2020|EPI_ISL_542210|2020-03-13,NON_GA,"[0.0, 1.0]"
hCoV-19/Italy/ABR-IZSGC-TE6644/2020|EPI_ISL_435145|2020-03-24,NON_GA,"[0.0, 1.0]"
hCoV-19/France/PAC-IHU-0222/2020|EPI_ISL_569386|2020-03-28,NON_GA,"[0.0, 0.9999999999999999]"
hCoV-19/Ecuador/EC-G-5289/2020|EPI_ISL_826807|2020-03-30,NON_GA,"[0.0, 0.9999999999999999]"
hCoV-19/England/20134078804/2020|EPI_ISL_423176|2020-03-24,NON_GA,"[0.0, 1.0]"
hCoV-19/Belgium/LL-0328341/2020|EPI_ISL_462195|2020-03-28,NON_GA,"[0.0, 0.9999999999999999]"
hCoV-19/Spain/CT-IBV-003161/2020|EPI_ISL_510257|2020-03-16,NON_GA,"[0.0, 1.0]"
hCoV-19/Italy/VEN-UniVR-36/2020|EPI_ISL_751348|2020-03-07,NON_GA,"[0.0, 0.9999999999999999]"
hCoV-19/England/CAMB-77848/2020|EPI_ISL_439439|2020-03-31,NON_GA,"[0.0, 0.9999999999999999]"
hCoV-19/Italy/ABR-IZSGC-TE6222/2020|EPI_ISL_420583|2020-03-23,NON_GA,"[0.0, 1.0]"
hCoV-19/Italy/VALL-ISS-4862/2020|EPI_ISL_856907|2020-03-15,NON_GA,"[0.0, 1.0]"
hCoV-19/Belgium/Rega-0328198/2020|EPI_ISL_458168|2020-03-28,NON_GA,"[0.0, 0.9999999999999999]"
hCoV-19/England/BRIS-1854512/2020|EPI_ISL_492315|2020-03-01,NON_GA,"[0.0, 0.9999999999999999]"
hCoV-19/Spain/VC-FISABIO-171/2020|EPI_ISL_436266|2020-03-20,NON_GA,"[0.0, 1.0]"
hCoV-19/Russia/MOS-RARI-3709/2020|EPI_ISL_678278|2020-03-20,NON_GA,"[0.0, 1.0]"
hCoV-19/Italy/ABR-IZSGC-TE5056/2020|EPI_ISL_418257|2020-03-17,NON_GA,"[0.0, 0.9999999999999999]"
hCoV-19/England/20139048804/2020|EPI_ISL_420698|2020-03-28,NON_GA,"[0.0, 0.9999999999999999]"
hCoV-19/Italy/VEN-UniVR-122/2020|EPI_ISL_751422|2020-03-30,NON_GA,"[0.0, 0.9999999999999999]"
hCoV-19/Czech_Republic/IAB20_006_207/2020|EPI_ISL_889308|2020-03-27,NON_GA,"[0.0, 1.0]"
hCoV-19/England/CAMB-753D0/2020|EPI_ISL_440381|2020-03-14,NON_GA,"[0.0, 1.0]"
hCoV-19/Italy/LOM-UniMI-L293/2020|EPI_ISL_542256|2020-02-29,NON_GA,"[0.0, 1.0]"
hCoV-19/Italy/LOM-UniMI-L205/2020|EPI_ISL_542193|2020-03-03,NON_GA,"[0.0, 1.0]"
hCoV-19/Italy/LOM-UniMI-L135/2020|EPI_ISL_542131|2020-03-19,NON_GA,"[0.0, 1.0]"
hCoV-19/Italy/LOM-UniMI-L271/2020|EPI_ISL_542237|2020-02-25,NON_GA,"[0.0, 0.9999999999999999]"
hCoV-19/Italy/LOM-UniMI-L227/2020|EPI_ISL_542214|2020-03-14,NON_GA,"[0.0, 1.0]"
hCoV-19/Italy/LOM-UniMI-L285/2020|EPI_ISL_542249|2020-02-28,NON_GA,"[0.0, 1.0]"
hCoV-19/Italy/LOM-UniMI-L313/2020|EPI_ISL_542265|2020-03-01,NON_GA,"[0.0, 0.9999999999999999]"
hCoV-19/Italy/LOM-UniMI-L126/2020|EPI_ISL_542122|2020-03-18,NON_GA,"[0.0, 0.9999999999999999]"
hCoV-19/Italy/LOM-UniMI-L278/2020|EPI_ISL_542242|2020-02-27,NON_GA,"[0.0, 1.0]"
hCoV-19/Italy/LOM-UniMI-L269/2020|EPI_ISL_542235|2020-02-25,NON_GA,"[0.0, 0.9999999999999999]"
hCoV-19/Italy/LOM-UniMI-L122/2020|EPI_ISL_542118|2020-03-09,NON_GA,"[0.0, 1.0]"
hCoV-19/Italy/LOM-UniMI-L102/2020|EPI_ISL_542100|2020-03-09,NON_GA,"[0.0, 1.0]"
hCoV-19/Italy/LOM-UniMI-L212/2020|EPI_ISL_542199|2020-03-14,NON_GA,"[0.0, 1.0]"
hCoV-19/Italy/LOM-UniMI-L412/2020|EPI_ISL_542332|2020-03-14,NON_GA,"[0.0, 1.0]"
hCoV-19/Italy/LOM-UniMI-L95/2020|EPI_ISL_542439|2020-03-08,NON_GA,"[0.0, 0.9999999999999999]"
hCoV-19/Italy/LOM-UniMI-L111/2020|EPI_ISL_542108|2020-03-05,NON_GA,"[0.0, 1.0]"
hCoV-19/Italy/LOM-UniMI-L429/2020|EPI_ISL_542348|2020-03-17,NON_GA,"[0.0, 0.9999999999999999]"
hCoV-19/Italy/LOM-UniMI-L94/2020|EPI_ISL_542438|2020-03-10,NON_GA,"[0.0, 1.0]"
hCoV-19/Italy/LOM-UniMI-L75/2020|EPI_ISL_542420|2020-03-03,NON_GA,"[0.0, 1.0]"
hCoV-19/Italy/LOM-UniMI-L240/2020|EPI_ISL_542219|2020-03-09,NON_GA,"[0.0, 1.0]"
hCoV-19/Italy/LOM-UniMI-L296/2020|EPI_ISL_542259|2020-02-29,NON_GA,"[0.0, 1.0]"
hCoV-19/Italy/LOM-UniMI-L213/2020|EPI_ISL_542200|2020-03-12,NON_GA,"[0.0, 1.0]"
hCoV-19/Italy/LOM-UniMI-L322/2020|EPI_ISL_542272|2020-03-01,NON_GA,"[0.0, 0.9999999999999999]"
hCoV-19/Italy/LOM-UniMI-L167/2020|EPI_ISL_542161|2020-03-15,NON_GA,"[0.0, 1.0]"
hCoV-19/Italy/LOM-UniMI-L87/2020|EPI_ISL_542431|2020-03-10,NON_GA,"[0.0, 1.0]"
hCoV-19/Italy/LOM-UniMI-L350/2020|EPI_ISL_542287|2020-03-05,NON_GA,"[0.0, 1.0]"
hCoV-19/Italy/LOM-UniMI-L139/2020|EPI_ISL_542135|2020-03-18,NON_GA,"[0.0, 0.9999999999999999]"
hCoV-19/Italy/LOM-UniMI-L295/2020|EPI_ISL_542258|2020-02-29,NON_GA,"[0.0, 1.0]"
hCoV-19/Italy/LOM-UniMI-L404/2020|EPI_ISL_542326|2020-03-14,NON_GA,"[0.0, 1.0]"
hCoV-19/Italy/LOM-UniMI-L92/2020|EPI_ISL_542436|2020-03-10,NON_GA,"[0.0, 1.0]"
hCoV-19/Italy/LOM-UniMI-L89/2020|EPI_ISL_542433|2020-03-10,NON_GA,"[0.0, 1.0]"
hCoV-19/Italy/LOM-UniMI-L64/2020|EPI_ISL_542410|2020-02-25,NON_GA,"[0.0, 0.9999999999999999]"
hCoV-19/England/BRIS-124B31/2020|EPI_ISL_443843|2020-03-24,NON_GA,"[0.0, 1.0]"
hCoV-19/England/CAMB-7377C/2020|EPI_ISL_425234|2020-03-29,NON_GA,"[0.0, 1.0]"
hCoV-19/Italy/TUS-UniSi13/2020|EPI_ISL_803895|2020-02-27,NON_GA,"[0.0, 1.0]"
hCoV-19/Germany/HH-hpi-p2128/2020|EPI_ISL_776368|2020-03-22,NON_GA,"[0.0, 1.0]"
hCoV-19/Italy/ABR-IZSGC-TE5040/2020|EPI_ISL_528922|2020-03-17,NON_GA,"[0.0, 0.9999999999999999]"
hCoV-19/England/BRIS-125CD3/2020|EPI_ISL_443791|2020-03-31,NON_GA,"[0.0, 0.9999999999999999]"
hCoV-19/Italy/LOM-UniMI-L397/2020|EPI_ISL_542319|2020-03-09,NON_GA,"[0.0, 1.0]"
hCoV-19/France/PAC-IHU-0241/2020|EPI_ISL_569403|2020-03-30,NON_GA,"[0.0, 0.9999999999999999]"
hCoV-19/Ecuador/EC-G-5339/2020|EPI_ISL_826814|2020-03-30,NON_GA,"[0.0, 0.9999999999999999]"
hCoV-19/Italy/LOM-UniMI-L211/2020|EPI_ISL_542198|2020-03-12,NON_GA,"[0.0, 1.0]"
hCoV-19/Sweden/20-50360/2020|EPI_ISL_430864|2020-03-16,NON_GA,"[0.0, 1.0]"
hCoV-19/Spain/PV-IBV-003213/2020|EPI_ISL_480969|2020-03-13,NON_GA,"[0.0, 1.0]"
hCoV-19/Spain/PV-IBV-000901/2020|EPI_ISL_452665|2020-03-26,NON_GA,"[0.0, 1.0]"
hCoV-19/Italy/LOM-UniMI-L203/2020|EPI_ISL_542191|2020-03-22,NON_GA,"[0.0, 1.0]"
hCoV-19/England/CAMB-769A0/2020|EPI_ISL_438488|2020-03-30,NON_GA,"[0.0, 0.9999999999999999]"
hCoV-19/England/CAMB-77B5E/2020|EPI_ISL_439526|2020-03-31,NON_GA,"[0.0, 0.9999999999999999]"
hCoV-19/USA/VA_NIDDL_2768/2020|EPI_ISL_491916|2020-03-29,NON_GA,"[0.0, 1.0]"
hCoV-19/Italy/LOM-UniMI-L388/2020|EPI_ISL_542311|2020-03-09,NON_GA,"[0.0, 1.0]"
hCoV-19/Italy/CAM-TIGEM-654/2020|EPI_ISL_778651|2020-03-29,NON_GA,"[0.0, 1.0]"
hCoV-19/Portugal/PT0332/2020|EPI_ISL_454048|2020-03-18,NON_GA,"[0.0, 0.9999999999999999]"
hCoV-19/Italy/ABR-IZSGC-TE5553/2020|EPI_ISL_429227|2020-03-17,NON_GA,"[0.0, 0.9999999999999999]"
hCoV-19/Italy/LOM-INMI-BG-7158/2020|EPI_ISL_460081|2020-02-24,NON_GA,"[0.0, 1.0]"
hCoV-19/Spain/PV-IBV-003256/2020|EPI_ISL_480994|2020-03-17,NON_GA,"[0.0, 0.9999999999999999]"
hCoV-19/USA/IL-NM018/2020|EPI_ISL_444528|2020-03-16,NON_GA,"[0.0, 1.0]"
hCoV-19/Italy/LOM-UniMI-L207/2020|EPI_ISL_542195|2020-03-10,NON_GA,"[0.0, 1.0]"
hCoV-19/Russia/CRIE161143/2020|EPI_ISL_486820|2020-03-31,NON_GA,"[0.0, 0.9999999999999999]"
hCoV-19/Italy/LOM-UniMI-L214/2020|EPI_ISL_542201|2020-03-12,NON_GA,"[0.0, 1.0]"
hCoV-19/Ecuador/EC-G-5369/2020|EPI_ISL_826818|2020-03-30,NON_GA,"[0.0, 0.9999999999999999]"
hCoV-19/Italy/EMR-CRGS-1/2020|EPI_ISL_934420|2020-03-08,NON_GA,"[0.0, 0.9999999999999999]"
hCoV-19/Czech_Republic/IAB20_016_056/2020|EPI_ISL_889375|2020-03-27,NON_GA,"[0.0, 1.0]"
hCoV-19/England/NORT-2894D4/2020|EPI_ISL_458662|2020-03-30,NON_GA,"[0.0, 0.9999999999999999]"
hCoV-19/Italy/TE-IZSGC-TE5476/2020|EPI_ISL_420565|2020-03-19,NON_GA,"[0.0, 1.0]"
hCoV-19/Italy/LOM-UniMI-L55/2020|EPI_ISL_542402|2020-03-02,NON_GA,"[0.0, 1.0]"
hCoV-19/England/LIVE-A55C2/2020|EPI_ISL_500130|2020-03-20,NON_GA,"[0.0, 1.0]"
hCoV-19/Ecuador/EC-G-2107/2020|EPI_ISL_826800|2020-03-21,NON_GA,"[0.0, 1.0]"
hCoV-19/Italy/ABR-IZSGC-TE5473/2020|EPI_ISL_436718|2020-03-19,NON_GA,"[0.0, 1.0]"
hCoV-19/Italy/APU-POLBA06/2020|EPI_ISL_767043|2020-03-21,NON_GA,"[0.0, 1.0]"
hCoV-19/Ecuador/EC-SE-2550/2020|EPI_ISL_826804|2020-03-23,NON_GA,"[0.0, 1.0]"
hCoV-19/England/BRIS-12556F/2020|EPI_ISL_443972|2020-03-28,NON_GA,"[0.0, 0.9999999999999999]"
hCoV-19/Czech_Republic/Seq3/2020|EPI_ISL_426356|2020-03-21,NON_GA,"[0.0, 1.0]"
hCoV-19/Germany/HH-hpi-p1478/2020|EPI_ISL_775989|2020-03-14,NON_GA,"[0.0, 1.0]"
hCoV-19/Italy/LOM-UniMI-L272/2020|EPI_ISL_542238|2020-02-25,NON_GA,"[0.0, 0.9999999999999999]"
hCoV-19/Germany/TH-IIMK-CaSe-22/2020|EPI_ISL_763087|2020-03-19,NON_GA,"[0.0, 1.0]"
hCoV-19/Spain/VC-FISABIO-231/2020|EPI_ISL_436326|2020-03-26,NON_GA,"[0.0, 1.0]"
hCoV-19/England/GSTT-5659/2020|EPI_ISL_560701|2020-03-22,NON_GA,"[0.0, 1.0]"
hCoV-19/Israel/13075788/2020|EPI_ISL_447446|2020-03-30,NON_GA,"[0.0, 0.9999999999999999]"
hCoV-19/Italy/VEN-SI_100/2020|EPI_ISL_1181784|2020-03-26,NON_GA,"[0.0, 1.0]"
hCoV-19/Portugal/PT0670/2020|EPI_ISL_510929|2020-03-19,NON_GA,"[0.0, 1.0]"
hCoV-19/England/20140068704/2020|EPI_ISL_465888|2020-03-28,NON_GA,"[0.0, 0.9999999999999999]"
hCoV-19/England/BRIS-125E19/2020|EPI_ISL_443948|2020-03-30,NON_GA,"[0.0, 0.9999999999999999]"
hCoV-19/England/BRIS-12520E/2020|EPI_ISL_443856|2020-03-27,NON_GA,"[0.0, 1.0]"
hCoV-19/Scotland/GCVR-170E97/2020|EPI_ISL_489619|2020-03-28,NON_GA,"[0.0, 0.9999999999999999]"
hCoV-19/Scotland/GCVR-170CAC/2020|EPI_ISL_459703|2020-03-25,NON_GA,"[0.0, 0.9999999999999999]"
hCoV-19/Spain/PV-IBV-003225/2020|EPI_ISL_480998|2020-03-15,NON_GA,"[0.0, 1.0]"
hCoV-19/England/CAMB-720DC/2020|EPI_ISL_439934|2020-03-28,NON_GA,"[0.0, 0.9999999999999999]"
hCoV-19/England/BRIS-12480D/2020|EPI_ISL_444010|2020-03-25,NON_GA,"[0.0, 0.9999999999999999]"
hCoV-19/USA/CA-QDX-2033/2020|EPI_ISL_604315|2020-03-18,NON_GA,"[0.0, 0.9999999999999999]"
hCoV-19/England/NORT-28900D/2020|EPI_ISL_458607|2020-03-26,NON_GA,"[0.0, 1.0]"
hCoV-19/England/20149009704/2020|EPI_ISL_466149|2020-03-31,NON_GA,"[0.0, 0.9999999999999999]"
hCoV-19/England/OXON-B2E8B/2020|EPI_ISL_534821|2020-03-31,NON_GA,"[0.0, 0.9999999999999999]"
hCoV-19/Turkey/HSGM-1428/2020|EPI_ISL_437311|2020-03-27,NON_GA,"[0.0, 1.0]"
hCoV-19/Spain/PV-IBV-000926/2020|EPI_ISL_452645|2020-03-27,NON_GA,"[0.0, 1.0]"
hCoV-19/Italy/VEN-IZSVe-31-18/2020|EPI_ISL_452187|2020-03-31,NON_GA,"[0.0, 0.9999999999999999]"
hCoV-19/Italy/VEN-IZSVe-25-80/2020|EPI_ISL_452186|2020-03-28,NON_GA,"[0.0, 0.9999999999999999]"
hCoV-19/Italy/VEN-IZSVe-21-26/2020|EPI_ISL_422437|2020-03-25,NON_GA,"[0.0, 0.9999999999999999]"
hCoV-19/England/BRIS-1252A4/2020|EPI_ISL_443698|2020-03-27,NON_GA,"[0.0, 1.0]"
hCoV-19/South_Korea/KCDC2187/2020|EPI_ISL_506981|2020-03-27,NON_GA,"[0.0, 1.0]"
hCoV-19/Italy/VEN-IZSVe-14-48/2020|EPI_ISL_636470|2020-03-24,NON_GA,"[0.0, 1.0]"
hCoV-19/Italy/VEN-IZSVe-17-11/2020|EPI_ISL_452183|2020-03-24,NON_GA,"[0.0, 1.0]"
hCoV-19/Italy/LOM-INMI-BG-11639/2020|EPI_ISL_460080|2020-02-28,NON_GA,"[0.0, 1.0]"
hCoV-19/England/20139060404/2020|EPI_ISL_420732|2020-03-28,NON_GA,"[0.0, 0.9999999999999999]"
hCoV-19/Portugal/PT0031/2020|EPI_ISL_418016|2020-03-10,NON_GA,"[0.0, 1.0]"
hCoV-19/France/IDF_PSL_64/2020|EPI_ISL_1015327|2020-03-16,NON_GA,"[0.0, 1.0]"
hCoV-19/South_Korea/KCDC2183/2020|EPI_ISL_506977|2020-03-26,NON_GA,"[0.0, 1.0]"
hCoV-19/Germany/BY-MVP-0067/2020|EPI_ISL_437264|2020-03-25,NON_GA,"[0.0, 0.9999999999999999]"
hCoV-19/Portugal/PT0637/2020|EPI_ISL_510898|2020-03-28,NON_GA,"[0.0, 0.9999999999999999]"
hCoV-19/England/20124096802/2020|EPI_ISL_418733|2020-03-18,NON_GA,"[0.0, 0.9999999999999999]"
hCoV-19/Italy/LOM-UniMI-L151/2020|EPI_ISL_542146|2020-03-10,NON_GA,"[0.0, 1.0]"
hCoV-19/England/CAMB-7328A/2020|EPI_ISL_440267|2020-03-21,NON_GA,"[0.0, 1.0]"
hCoV-19/Belgium/rega-03041161/2020|EPI_ISL_738201|2020-03-04,NON_GA,"[0.0, 1.0]"
hCoV-19/Spain/VC-FISABIO-658/2020|EPI_ISL_455733|2020-03-31,NON_GA,"[0.0, 0.9999999999999999]"
hCoV-19/Czech_Republic/FNHK-00401/2020|EPI_ISL_895786|2020-03-10,NON_GA,"[0.0, 1.0]"
hCoV-19/Portugal/PT1490/2020|EPI_ISL_511449|2020-03-28,NON_GA,"[0.0, 0.9999999999999999]"
hCoV-19/Italy/LOM-UniMI-L93/2020|EPI_ISL_542437|2020-03-08,NON_GA,"[0.0, 0.9999999999999999]"
hCoV-19/Ecuador/EC-G-5305/2020|EPI_ISL_826809|2020-03-30,NON_GA,"[0.0, 0.9999999999999999]"
hCoV-19/Switzerland/BL-ETHZ-100356/2020|EPI_ISL_574901|2020-03-19,NON_GA,"[0.0, 1.0]"
hCoV-19/Germany/HH-hpi-p1891/2020|EPI_ISL_776232|2020-03-24,NON_GA,"[0.0, 1.0]"
hCoV-19/Germany/HH-hpi-p1915/2020|EPI_ISL_776246|2020-03-25,NON_GA,"[0.0, 0.9999999999999999]"
hCoV-19/England/SHEF-C07AD/2020|EPI_ISL_420155|2020-03-27,NON_GA,"[0.0, 1.0]"
hCoV-19/England/20119059404/2020|EPI_ISL_465083|2020-03-12,NON_GA,"[0.0, 1.0]"
hCoV-19/Morocco/6895/2020|EPI_ISL_459973|2020-03-20,NON_GA,"[0.0, 1.0]"
hCoV-19/Ecuador/EC-G-5319/2020|EPI_ISL_826811|2020-03-30,NON_GA,"[0.0, 0.9999999999999999]"
hCoV-19/Portugal/PT1233/2020|EPI_ISL_511194|2020-03-31,NON_GA,"[0.0, 0.9999999999999999]"
hCoV-19/Turkey/HSGM-11520/2020|EPI_ISL_429873|2020-03-23,NON_GA,"[0.0, 1.0]"
hCoV-19/Portugal/PT0425/2020|EPI_ISL_454149|2020-03-28,NON_GA,"[0.0, 0.9999999999999999]"
hCoV-19/Netherlands/NoordBrabant_39/2020|EPI_ISL_414548|2020-03-04,NON_GA,"[0.0, 1.0]"
hCoV-19/Germany/BW-FR0163/2020|EPI_ISL_852740|2020-03-09,NON_GA,"[0.0, 1.0]"
hCoV-19/England/20142062204/2020|EPI_ISL_420773|2020-03-30,NON_GA,"[0.0, 0.9999999999999999]"
hCoV-19/Italy/LOM-UniMI-L445/2020|EPI_ISL_542364|2020-03-14,NON_GA,"[0.0, 1.0]"
hCoV-19/Israel/CVL-n-6035/2020|EPI_ISL_474974|2020-03-15,NON_GA,"[0.0, 1.0]"
hCoV-19/Spain/AN-IBV-002875/2020|EPI_ISL_474862|2020-03-17,NON_GA,"[0.0, 0.9999999999999999]"
hCoV-19/Ireland/CO-NVRL-22361/2020|EPI_ISL_418580|2020-03-08,NON_GA,"[0.0, 0.9999999999999999]"
hCoV-19/France/PAC-IHU-0128/2020|EPI_ISL_569324|2020-03-24,NON_GA,"[0.0, 1.0]"
hCoV-19/Germany/HH-hpi-p1869/2020|EPI_ISL_776215|2020-03-23,NON_GA,"[0.0, 1.0]"
hCoV-19/Turkey/HSGM-8979/2020|EPI_ISL_429864|2020-03-22,NON_GA,"[0.0, 1.0]"
hCoV-19/Italy/ABR-IZSGC-TE5541/2020|EPI_ISL_436719|2020-03-20,NON_GA,"[0.0, 1.0]"
hCoV-19/USA/CA-QDX-696/2020|EPI_ISL_571415|2020-03-20,NON_GA,"[0.0, 1.0]"
hCoV-19/Italy/LOM-UniMI-L140/2020|EPI_ISL_542136|2020-03-19,NON_GA,"[0.0, 1.0]"
hCoV-19/Germany/HH-hpi-p1486/2020|EPI_ISL_775996|2020-03-10,NON_GA,"[0.0, 1.0]"
hCoV-19/Italy/APU-UniMI-857/2020|EPI_ISL_469023|2020-03-20,NON_GA,"[0.0, 1.0]"
hCoV-19/USA/CA-CZB0713/2020|EPI_ISL_429022|2020-03-23,NON_GA,"[0.0, 1.0]"
hCoV-19/Germany/HH-hpi-p2180/2020|EPI_ISL_776409|2020-03-28,NON_GA,"[0.0, 0.9999999999999999]"
hCoV-19/Serbia/Kikinda-000201303/2020|EPI_ISL_661189|2020-03-12,NON_GA,"[0.0, 1.0]"
hCoV-19/Malaysia/3611/2020|EPI_ISL_501207|2020-03-31,NON_GA,"[0.0, 0.9999999999999999]"
hCoV-19/Austria/CeMM0098/2020|EPI_ISL_437959|2020-03-20,NON_GA,"[0.0, 1.0]"
hCoV-19/England/LIVE-A47EB/2020|EPI_ISL_500044|2020-03-11,NON_GA,"[0.0, 1.0]"
hCoV-19/Italy/ABR-IZSGC-TE4884/2020|EPI_ISL_528919|2020-03-17,NON_GA,"[0.0, 0.9999999999999999]"
hCoV-19/Australia/VIC487/2020|EPI_ISL_426918|2020-03-29,NON_GA,"[0.0, 1.0]"
hCoV-19/Ecuador/EC-G-2565/2020|EPI_ISL_826805|2020-03-23,NON_GA,"[0.0, 1.0]"
hCoV-19/USA/VA-DCLS-0042/2020|EPI_ISL_420023|2020-03-25,NON_GA,"[0.0, 0.9999999999999999]"
hCoV-19/Beijing/IVDC-Wu-BJ56Y/2020|EPI_ISL_1260834|2020-03-20,NON_GA,"[0.0, 1.0]"
hCoV-19/England/201360137/2020|EPI_ISL_423224|2020-03-26,NON_GA,"[0.0, 1.0]"
hCoV-19/Italy/LOM-UniMI-L69/2020|EPI_ISL_542415|2020-03-01,NON_GA,"[0.0, 0.9999999999999999]"
hCoV-19/Italy/ABR-IZSGC-TE6218/2020|EPI_ISL_528928|2020-03-23,NON_GA,"[0.0, 1.0]"
hCoV-19/Belgium/RJL-030588/2020|EPI_ISL_420344|2020-03-05,NON_GA,"[0.0, 1.0]"
hCoV-19/England/CAMB-738C4/2020|EPI_ISL_425251|2020-03-31,NON_GA,"[0.0, 0.9999999999999999]"
hCoV-19/Italy/LOM-UniMI-L141/2020|EPI_ISL_542137|2020-03-19,NON_GA,"[0.0, 1.0]"
hCoV-19/Scotland/GCVR-1707E7/2020|EPI_ISL_501635|2020-03-26,NON_GA,"[0.0, 1.0]"
hCoV-19/Portugal/PT1485/2020|EPI_ISL_511444|2020-03-17,NON_GA,"[0.0, 0.9999999999999999]"
hCoV-19/Ecuador/EC-G-1785/2020|EPI_ISL_826798|2020-03-21,NON_GA,"[0.0, 1.0]"
hCoV-19/Chile/Santiago-PUC_MVL_0024/2020|EPI_ISL_801615|2020-03-23,NON_GA,"[0.0, 1.0]"
hCoV-19/Portugal/PT0309/2020|EPI_ISL_454025|2020-03-14,NON_GA,"[0.0, 1.0]"
hCoV-19/Italy/ABR-IZSGC-TE4891/2020|EPI_ISL_528920|2020-03-17,NON_GA,"[0.0, 0.9999999999999999]"
hCoV-19/Germany/HH-hpi-p1590/2020|EPI_ISL_776062|2020-03-16,NON_GA,"[0.0, 1.0]"
hCoV-19/England/CAMB-79A22/2020|EPI_ISL_433814|2020-03-26,NON_GA,"[0.0, 1.0]"
hCoV-19/Netherlands/Overijssel_2/2020|EPI_ISL_414460|2020-03-03,NON_GA,"[0.0, 1.0]"
hCoV-19/France/PAC-IHU-0146/2020|EPI_ISL_569335|2020-03-21,NON_GA,"[0.0, 1.0]"
hCoV-19/Italy/LOM-UniMI-L189/2020|EPI_ISL_542179|2020-03-15,NON_GA,"[0.0, 1.0]"
hCoV-19/Germany/SH-ChVir3201/2020|EPI_ISL_729542|2020-03-22,NON_GA,"[0.0, 1.0]"
hCoV-19/England/LOND-124D0A8/2020|EPI_ISL_507052|2020-03-15,NON_GA,"[0.0, 1.0]"
hCoV-19/England/20119092204/2020|EPI_ISL_465131|2020-03-12,NON_GA,"[0.0, 1.0]"
hCoV-19/Italy/ABR-IZSGC-TE6202/2020|EPI_ISL_528927|2020-03-23,NON_GA,"[0.0, 1.0]"
hCoV-19/Germany/BY-MVP-0037/2020|EPI_ISL_437236|2020-03-22,NON_GA,"[0.0, 1.0]"
hCoV-19/Wales/PHWC-27B4E/2020|EPI_ISL_432337|2020-03-30,NON_GA,"[0.0, 0.9999999999999999]"
hCoV-19/Kazakhstan/125343/2020|EPI_ISL_1334600|2020-03-01,NON_GA,"[0.0, 0.9999999999999999]"
hCoV-19/England/NORT-289665/2020|EPI_ISL_458706|2020-03-31,NON_GA,"[0.0, 0.9999999999999999]"
hCoV-19/Spain/PV-IBV-003221/2020|EPI_ISL_480963|2020-03-14,NON_GA,"[0.0, 1.0]"
hCoV-19/USA/UN-UW-534/2020|EPI_ISL_576493|2020-03-11,NON_GA,"[0.0, 1.0]"
hCoV-19/Italy/LOM-UniMI-L101/2020|EPI_ISL_542099|2020-03-08,NON_GA,"[0.0, 0.9999999999999999]"
hCoV-19/Ecuador/EC-G-5336/2020|EPI_ISL_826812|2020-03-30,NON_GA,"[0.0, 0.9999999999999999]"
hCoV-19/England/20140070604/2020|EPI_ISL_423409|2020-03-30,NON_GA,"[0.0, 0.9999999999999999]"
hCoV-19/Germany/HH-hpi-p1990/2020|EPI_ISL_776308|2020-03-27,NON_GA,"[0.0, 1.0]"
hCoV-19/Italy/ABR-IZSGC-TE6195/2020|EPI_ISL_420569|2020-03-23,NON_GA,"[0.0, 1.0]"
hCoV-19/Italy/LOM-UniMI-L123/2020|EPI_ISL_542119|2020-03-10,NON_GA,"[0.0, 1.0]"
hCoV-19/Portugal/PT0788/2020|EPI_ISL_511047|2020-03-17,NON_GA,"[0.0, 0.9999999999999999]"
hCoV-19/England/20138082704/2020|EPI_ISL_421836|2020-03-26,NON_GA,"[0.0, 1.0]"
hCoV-19/England/NORT-2951CF/2020|EPI_ISL_488635|2020-03-30,NON_GA,"[0.0, 0.9999999999999999]"
hCoV-19/Spain/VC-FISABIO-45/2020|EPI_ISL_420129|2020-03-13,NON_GA,"[0.0, 1.0]"
hCoV-19/Hungary/44_3/2020|EPI_ISL_1172023|2020-03-05,NON_GA,"[0.0, 1.0]"
hCoV-19/Scotland/EDB2797/2020|EPI_ISL_488887|2020-03-30,NON_GA,"[0.0, 0.9999999999999999]"
hCoV-19/Germany/BY-IMB01432/2020|EPI_ISL_732544|2020-03-09,NON_GA,"[0.0, 1.0]"
hCoV-19/Italy/ABR-IZSGC-TE5543/2020|EPI_ISL_436720|2020-03-20,NON_GA,"[0.0, 1.0]"
hCoV-19/Italy/LOM-UniMI-L129/2020|EPI_ISL_542125|2020-02-28,NON_GA,"[0.0, 1.0]"
hCoV-19/England/NORT-295341/2020|EPI_ISL_488551|2020-03-30,NON_GA,"[0.0, 0.9999999999999999]"
hCoV-19/Germany/HH-hpi-p1516/2020|EPI_ISL_776018|2020-03-15,NON_GA,"[0.0, 1.0]"
hCoV-19/England/201060010/2020|EPI_ISL_464359|2020-03-04,NON_GA,"[0.0, 1.0]"
hCoV-19/Italy/VEN-UniVR-108/2020|EPI_ISL_751412|2020-03-27,NON_GA,"[0.0, 1.0]"
hCoV-19/England/LIVE-A8468/2020|EPI_ISL_517165|2020-03-26,NON_GA,"[0.0, 1.0]"
hCoV-19/Sweden/20-06376/2020|EPI_ISL_434653|2020-03-24,NON_GA,"[0.0, 1.0]"
NODE_0001777,NON_GA,"[0.004007798145711977, 0.995992201854288]"
hCoV-19/Italy/APU-UniMI-703/2020|EPI_ISL_468914|2020-03-18,NON_GA,"[0.0, 1.0]"
hCoV-19/Italy/APU-IZSPB_169APT/2020|EPI_ISL_794745|2020-03-31,NON_GA,"[0.0, 1.0]"
NODE_0001778,NON_GA,"[0.005553382968400714, 0.9944466170315993]"
hCoV-19/Turkey/HSGM-11640/2020|EPI_ISL_437333|2020-03-25,NON_GA,"[0.0, 0.9999999999999999]"
hCoV-19/Turkey/HSGM-1418/2020|EPI_ISL_437305|2020-03-27,NON_GA,"[0.0, 1.0]"
NODE_0001764,NON_GA,"[0.0016524849695437605, 0.9983475150304563]"
hCoV-19/Italy/LOM-UniMI-L153/2020|EPI_ISL_542148|2020-03-15,NON_GA,"[0.0, 1.0]"
hCoV-19/Italy/LOM-UniMI-L187/2020|EPI_ISL_542178|2020-03-18,NON_GA,"[0.0, 1.0]"
NODE_0001606,NON_GA,"[0.0017051823664147054, 0.9982948176335853]"
hCoV-19/Italy/VEN-UniVR-56/2020|EPI_ISL_751366|2020-03-13,NON_GA,"[0.0, 1.0]"
hCoV-19/Italy/VEN-UniVR-98/2020|EPI_ISL_751404|2020-03-25,NON_GA,"[0.0, 0.9999999999999999]"
NODE_0001595,NON_GA,"[0.004833587640563978, 0.995166412359436]"
hCoV-19/Canada/QC-JUS-V5251006/2020|EPI_ISL_890460|2020-03-23,NON_GA,"[0.0, 0.9999999999999999]"
hCoV-19/Portugal/PT0635/2020|EPI_ISL_510896|2020-03-25,NON_GA,"[0.0, 0.9999999999999999]"
NODE_0001107,GA,"[0.999971267940682, 2.873205931790317e-05]"
hCoV-19/USA/GA_1299/2020|EPI_ISL_420787|2020-03-03,GA,"[1.0, 0.0]"
|GA-EHC-069Q,GA,"[1.0, 0.0]"
NODE_0001109,NON_GA,"[0.0031755828026294388, 0.9968244171973707]"
hCoV-19/Italy/ABR-IZSGC-TE5545/2020|EPI_ISL_436721|2020-03-20,NON_GA,"[0.0, 1.0]"
hCoV-19/Italy/ABR-IZSGC-TE5547/2020|EPI_ISL_436722|2020-03-20,NON_GA,"[0.0, 1.0]"
NODE_0001553,NON_GA,"[0.0024715740253394456, 0.9975284259746605]"
hCoV-19/England/20120106104/2020|EPI_ISL_465728|2020-03-15,NON_GA,"[0.0, 1.0]"
hCoV-19/England/20144018904/2020|EPI_ISL_423512|2020-03-31,NON_GA,"[0.0, 1.0]"
NODE_0001550,NON_GA,"[0.003607501523537564, 0.9963924984764624]"
hCoV-19/Italy/TUS-DBM-10/2020|EPI_ISL_583954|2020-03-21,NON_GA,"[0.0, 1.0]"
hCoV-19/Italy/TUS-UOS-10/2020|EPI_ISL_591327|2020-03-21,NON_GA,"[0.0, 1.0]"
NODE_0001540,NON_GA,"[0.0027955987646000632, 0.9972044012353999]"
hCoV-19/Germany/NW-RKI-N-0002/2020|EPI_ISL_481256|2020-03-19,NON_GA,"[0.0, 0.9999999999999999]"
hCoV-19/Brazil/SE-FIOCRUZ-6533/2020|EPI_ISL_541374|2020-03-19,NON_GA,"[0.0, 0.9999999999999999]"
NODE_0001536,NON_GA,"[0.004418328727930357, 0.9955816712720696]"
hCoV-19/Italy/TUS-DBM-4/2020|EPI_ISL_583959|2020-03-23,NON_GA,"[0.0, 1.0]"
hCoV-19/Italy/TUS-UOS-4/2020|EPI_ISL_591332|2020-03-23,NON_GA,"[0.0, 1.0]"
NODE_0001535,NON_GA,"[0.0008634508626648022, 0.9991365491373352]"
hCoV-19/Italy/LOM-UniMI-L159/2020|EPI_ISL_542154|2020-03-13,NON_GA,"[0.0, 1.0]"
hCoV-19/Italy/LOM-UniMI-L157/2020|EPI_ISL_542152|2020-03-19,NON_GA,"[0.0, 1.0]"
NODE_0001532,NON_GA,"[0.006244585782522886, 0.9937554142174772]"
hCoV-19/Finland/29M25S2/2020|EPI_ISL_1240181|2020-03-29,NON_GA,"[0.0, 0.9999999999999999]"
hCoV-19/Italy/ABR-AMVRC-TE7859/2020|EPI_ISL_429236|2020-03-28,NON_GA,"[0.0, 1.0]"
NODE_0001526,NON_GA,"[0.006118519380815625, 0.9938814806191844]"
hCoV-19/Spain/PV-IBV-000939/2020|EPI_ISL_452633|2020-03-28,NON_GA,"[0.0, 1.0]"
hCoV-19/Spain/PV-IBV-000938/2020|EPI_ISL_452634|2020-03-28,NON_GA,"[0.0, 1.0]"
NODE_0001506,NON_GA,"[0.005920677356341092, 0.9940793226436588]"
hCoV-19/Italy/TUS-UniSi01/2020|EPI_ISL_803881|2020-03-26,NON_GA,"[0.0, 1.0]"
hCoV-19/Italy/TUS-UniSi03/2020|EPI_ISL_803882|2020-03-29,NON_GA,"[0.0, 1.0]"
NODE_0001461,NON_GA,"[1.9602211206864643e-05, 0.9999803977887932]"
hCoV-19/Italy/LOM-UniMI-L108/2020|EPI_ISL_542106|2020-03-02,NON_GA,"[0.0, 1.0]"
hCoV-19/Italy/LOM-UniMI-L163/2020|EPI_ISL_542157|2020-03-03,NON_GA,"[0.0, 1.0]"
NODE_0001455,NON_GA,"[0.0030914822663214714, 0.9969085177336785]"
hCoV-19/Germany/BW-FR0072/2020|EPI_ISL_852729|2020-03-16,NON_GA,"[0.0, 1.0]"
hCoV-19/Czech_Republic/IAB_1/2020|EPI_ISL_426883|2020-03-27,NON_GA,"[0.0, 1.0]"
NODE_0001210,NON_GA,"[0.002730880699399248, 0.9972691193006007]"
hCoV-19/Italy/LOM-UniMI-L142/2020|EPI_ISL_542138|2020-03-19,NON_GA,"[0.0, 1.0]"
hCoV-19/Italy/LOM-UniMI-L172/2020|EPI_ISL_542166|2020-03-19,NON_GA,"[0.0, 1.0]"
NODE_0001443,NON_GA,"[0.004927228526084998, 0.9950727714739149]"
hCoV-19/Germany/HH-hpi-p2309/2020|EPI_ISL_776440|2020-03-22,NON_GA,"[0.0, 1.0]"
hCoV-19/Germany/BY-MVP-0073/2020|EPI_ISL_437269|2020-03-28,NON_GA,"[0.0, 1.0]"
NODE_0001397,NON_GA,"[0.004524584695836719, 0.9954754153041633]"
hCoV-19/Italy/SAR-AMC-11-4608/2020|EPI_ISL_856882|2020-03-23,NON_GA,"[0.0, 0.9999999999999999]"
hCoV-19/Italy/SAR-AMC-12-4618/2020|EPI_ISL_856883|2020-03-23,NON_GA,"[0.0, 0.9999999999999999]"
NODE_0001398,NON_GA,"[0.00415074083967091, 0.9958492591603291]"
hCoV-19/Italy/LOM-UniMI-ICCS1/2020|EPI_ISL_584048|2020-03-21,NON_GA,"[0.0, 0.9999999999999999]"
hCoV-19/Italy/LOM-UniMI-ICCS2/2020|EPI_ISL_584049|2020-03-24,NON_GA,"[0.0, 1.0]"
NODE_0001394,NON_GA,"[0.004673535859729615, 0.9953264641402705]"
hCoV-19/Italy/LOM-UniMI-L443/2020|EPI_ISL_542362|2020-03-25,NON_GA,"[0.0, 1.0]"
hCoV-19/Italy/LOM-UniMI-L197/2020|EPI_ISL_542187|2020-03-22,NON_GA,"[0.0, 0.9999999999999999]"
NODE_0001615,NON_GA,"[0.004616772866386535, 0.9953832271336135]"
hCoV-19/France/CVL-8265/2020|EPI_ISL_560570|2020-03-30,NON_GA,"[0.0, 1.0]"
hCoV-19/France/CVL-8271/2020|EPI_ISL_560573|2020-03-27,NON_GA,"[0.0, 0.9999999999999999]"
hCoV-19/France/CVL-8278/2020|EPI_ISL_560574|2020-03-25,NON_GA,"[0.0, 1.0]"
NODE_0001587,NON_GA,"[0.004052605902639421, 0.9959473940973607]"
hCoV-19/Italy/VEN-UniVR-99/2020|EPI_ISL_751405|2020-03-25,NON_GA,"[0.0, 0.9999999999999999]"
hCoV-19/Germany/HH-hpi-p1883/2020|EPI_ISL_776227|2020-03-24,NON_GA,"[0.0, 0.9999999999999999]"
hCoV-19/Germany/HH-hpi-p1941/2020|EPI_ISL_776268|2020-03-27,NON_GA,"[0.0, 1.0]"
NODE_0001570,NON_GA,"[0.06504372434143732, 0.9349562756585625]"
hCoV-19/Italy/LOM-UniMI-L314/2020|EPI_ISL_542266|2020-03-01,NON_GA,"[0.0, 1.0]"
hCoV-19/USA/GA-QDX-2558/2020|EPI_ISL_604782|2020-03-14,GA,"[1.0, 0.0]"
|GA-EHC-036J,GA,"[0.9999999999999999, 0.0]"
NODE_0001566,NON_GA,"[2.8663135081104445e-06, 0.999997133686492]"
hCoV-19/Scotland/CVR68/2020|EPI_ISL_425799|2020-03-09,NON_GA,"[0.0, 1.0]"
hCoV-19/England/NORT-28124B/2020|EPI_ISL_488807|2020-03-09,NON_GA,"[0.0, 1.0]"
hCoV-19/Austria/CeMM0111/2020|EPI_ISL_437969|2020-03-12,NON_GA,"[0.0, 0.9999999999999999]"
NODE_0001545,NON_GA,"[0.005190347439784573, 0.9948096525602155]"
hCoV-19/Scotland/GCVR-1721E7/2020|EPI_ISL_469943|2020-03-30,NON_GA,"[0.0, 1.0]"
hCoV-19/England/NORT-28901C/2020|EPI_ISL_458604|2020-03-26,NON_GA,"[0.0, 1.0]"
hCoV-19/England/NORT-28348F/2020|EPI_ISL_488734|2020-03-30,NON_GA,"[0.0, 1.0]"
NODE_0001508,NON_GA,"[0.0017940722849471766, 0.998205927715053]"
hCoV-19/Greece/264_32497/2020|EPI_ISL_437908|2020-03-11,NON_GA,"[0.0, 1.0]"
NODE_0001509,NON_GA,"[0.0007926023309321751, 0.9992073976690677]"
hCoV-19/USA/CA-QDX-97/2020|EPI_ISL_468568|2020-03-13,NON_GA,"[0.0, 1.0]"
hCoV-19/Wales/PHWC-15C72D/2020|EPI_ISL_472530|2020-03-31,NON_GA,"[0.0, 0.9999999999999999]"
NODE_0001457,NON_GA,"[0.002816237251118059, 0.997183762748882]"
hCoV-19/Italy/LOM-UniMI-L480/2020|EPI_ISL_542392|2020-03-31,NON_GA,"[0.0, 1.0]"
hCoV-19/Italy/LOM-UniMI-L470/2020|EPI_ISL_542383|2020-03-23,NON_GA,"[0.0, 1.0]"
hCoV-19/Italy/LOM-UniMI-L471/2020|EPI_ISL_542384|2020-03-28,NON_GA,"[0.0, 0.9999999999999999]"
hCoV-19/Italy/LOM-UniMI-L453/2020|EPI_ISL_542371|2020-03-21,NON_GA,"[0.0, 0.9999999999999999]"
NODE_0001440,NON_GA,"[0.0029315979012841434, 0.9970684020987157]"
hCoV-19/England/201360037/2020|EPI_ISL_423199|2020-03-24,NON_GA,"[0.0, 1.0]"
hCoV-19/England/20134025904/2020|EPI_ISL_423132|2020-03-24,NON_GA,"[0.0, 1.0]"
hCoV-19/England/201360211/2020|EPI_ISL_423243|2020-03-25,NON_GA,"[0.0, 1.0]"
hCoV-19/England/LOND-12613A5/2020|EPI_ISL_524683|2020-03-28,NON_GA,"[0.0, 0.9999999999999999]"
NODE_0001558,NON_GA,"[5.623395597204224e-06, 0.9999943766044028]"
hCoV-19/Italy/LOM-ISS-3337/2020|EPI_ISL_855554|2020-03-07,NON_GA,"[0.0, 0.9999999999999999]"
hCoV-19/Italy/LOM-UniMI-L81/2020|EPI_ISL_542426|2020-03-08,NON_GA,"[0.0, 1.0]"
hCoV-19/Italy/LOM-UniMI-L100/2020|EPI_ISL_542098|2020-03-08,NON_GA,"[0.0, 1.0]"
NODE_0001561,NON_GA,"[6.980320411319759e-05, 0.9999301967958868]"
hCoV-19/Italy/LOM-UniMI-L97/2020|EPI_ISL_542441|2020-03-09,NON_GA,"[0.0, 1.0]"
hCoV-19/Italy/LOM-UniMI-L166/2020|EPI_ISL_542160|2020-03-20,NON_GA,"[0.0, 1.0]"
NODE_0001449,NON_GA,"[0.0016624987791472267, 0.9983375012208529]"
hCoV-19/Italy/APU-UniMI-368/2020|EPI_ISL_525557|2020-03-17,NON_GA,"[0.0, 0.9999999999999999]"
hCoV-19/Italy/BAS-UniMI-2956/2020|EPI_ISL_525573|2020-03-27,NON_GA,"[0.0, 1.0]"
NODE_0001450,NON_GA,"[0.0009678805580789617, 0.999032119441921]"
hCoV-19/USA/DC-DFS-PHL-0064/2020|EPI_ISL_804919|2020-03-29,NON_GA,"[0.0, 1.0]"
hCoV-19/USA/NY-PV09182/2020|EPI_ISL_422541|2020-03-19,NON_GA,"[0.0, 1.0]"
hCoV-19/USA/MD-HP00044/2020|EPI_ISL_434640|2020-03-24,NON_GA,"[0.0, 1.0]"
NODE_0001435,NON_GA,"[0.00033840048494747984, 0.9996615995150524]"
hCoV-19/Italy/LOM-UniMI-L399/2020|EPI_ISL_542321|2020-03-06,NON_GA,"[0.0, 1.0]"
hCoV-19/Italy/LOM-UniMI-L435/2020|EPI_ISL_542354|2020-03-20,NON_GA,"[0.0, 1.0]"
hCoV-19/Italy/LOM-UniMI-L475/2020|EPI_ISL_542388|2020-03-30,NON_GA,"[0.0, 1.0]"
NODE_0001438,NON_GA,"[0.005087014913821279, 0.9949129850861788]"
hCoV-19/Germany/HH-hpi-p1974/2020|EPI_ISL_776295|2020-03-26,NON_GA,"[0.0, 1.0]"
hCoV-19/Belgium/NMA-0324169/2020|EPI_ISL_420426|2020-03-24,NON_GA,"[0.0, 1.0]"
NODE_0001389,NON_GA,"[1.970780203628567e-06, 0.9999980292197965]"
hCoV-19/Austria/CeMM1066/2020|EPI_ISL_583879|2020-03-15,NON_GA,"[0.0, 0.9999999999999999]"
hCoV-19/Austria/CeMM0180/2020|EPI_ISL_438022|2020-03-09,NON_GA,"[0.0, 1.0]"
hCoV-19/Austria/CeMM0245/2020|EPI_ISL_438075|2020-03-20,NON_GA,"[0.0, 1.0]"
hCoV-19/Austria/CeMM0172/2020|EPI_ISL_438017|2020-03-07,NON_GA,"[0.0, 1.0]"
hCoV-19/Austria/CeMM0178/2020|EPI_ISL_438021|2020-03-08,NON_GA,"[0.0, 0.9999999999999999]"
NODE_0001316,NON_GA,"[0.0004926716714168384, 0.9995073283285831]"
hCoV-19/Spain/AN-IBV-002891/2020|EPI_ISL_474868|2020-03-17,NON_GA,"[0.0, 1.0]"
hCoV-19/Spain/CN-IBV-002601/2020|EPI_ISL_467088|2020-03-17,NON_GA,"[0.0, 1.0]"
hCoV-19/Spain/AN-IBV-001321/2020|EPI_ISL_452552|2020-03-23,NON_GA,"[0.0, 1.0]"
hCoV-19/Spain/CN-IBV-002602/2020|EPI_ISL_474916|2020-03-17,NON_GA,"[0.0, 1.0]"
hCoV-19/Spain/AN-IBV-001090/2020|EPI_ISL_452596|2020-03-27,NON_GA,"[0.0, 1.0]"
NODE_0001211,NON_GA,"[0.0002725395350773609, 0.9997274604649228]"
hCoV-19/Spain/NC-IBV-001387/2020|EPI_ISL_452514|2020-03-16,NON_GA,"[0.0, 1.0]"
hCoV-19/Italy/VEN-UniVR-44/2020|EPI_ISL_751355|2020-03-12,NON_GA,"[0.0, 0.9999999999999999]"
hCoV-19/Poland/PL_P21/2020|EPI_ISL_451982|2020-03-29,NON_GA,"[0.0, 1.0]"
hCoV-19/Italy/LOM-UniMI-L145/2020|EPI_ISL_542140|2020-03-19,NON_GA,"[0.0, 1.0]"
hCoV-19/Italy/LOM-UniMI-L138/2020|EPI_ISL_542134|2020-03-16,NON_GA,"[0.0, 1.0]"
hCoV-19/Austria/CeMM0929/2020|EPI_ISL_583781|2020-03-19,NON_GA,"[0.0, 1.0]"
hCoV-19/Italy/LAZ-AMC-10-3627/2020|EPI_ISL_856873|2020-03-21,NON_GA,"[0.0, 1.0]"
NODE_0001573,NON_GA,"[0.0003962180028349829, 0.999603781997165]"
hCoV-19/USA/UT-069/2020|EPI_ISL_430021|2020-03-16,NON_GA,"[0.0, 0.9999999999999999]"
hCoV-19/Ireland/D-NVRL-AIIDV0206v1/2020|EPI_ISL_644310|2020-03-27,NON_GA,"[0.0, 1.0]"
hCoV-19/Latvia/049/2020|EPI_ISL_486433|2020-03-16,NON_GA,"[0.0, 0.9999999999999999]"
hCoV-19/Ireland/D-NVRL-AIIDV0002v1/2020|EPI_ISL_644321|2020-03-26,NON_GA,"[0.0, 1.0]"
hCoV-19/Ireland/CO-NVRL-20G45661/2020|EPI_ISL_681908|2020-03-30,NON_GA,"[0.0, 1.0]"
hCoV-19/Ireland/KE-NVRL-MPJ74125/2020|EPI_ISL_767798|2020-03-27,NON_GA,"[0.0, 1.0]"
NODE_0001579,NON_GA,"[0.0021593984345990376, 0.9978406015654009]"
hCoV-19/Ireland/D-SVUH-R5890/2020|EPI_ISL_596646|2020-03-29,NON_GA,"[0.0, 0.9999999999999999]"
hCoV-19/Ireland/D-SVUH-R5732/2020|EPI_ISL_596653|2020-03-27,NON_GA,"[0.0, 0.9999999999999999]"
NODE_0001512,NON_GA,"[7.443617656321406e-05, 0.9999255638234369]"
hCoV-19/Germany/NW-HHU-148/2020|EPI_ISL_602518|2020-03-01,NON_GA,"[0.0, 0.9999999999999999]"
hCoV-19/England/20128035202/2020|EPI_ISL_420477|2020-03-18,NON_GA,"[0.0, 1.0]"
hCoV-19/Switzerland/ZH-UZH-1000479112/2020|EPI_ISL_524485|2020-03-05,NON_GA,"[0.0, 1.0]"
hCoV-19/Switzerland/VS-ETHZ-100173/2020|EPI_ISL_574969|2020-03-16,NON_GA,"[0.0, 1.0]"
hCoV-19/Germany/HH-hpi-p1856/2020|EPI_ISL_776205|2020-03-23,NON_GA,"[0.0, 1.0]"
hCoV-19/Norway/2240/2020|EPI_ISL_590914|2020-03-27,NON_GA,"[0.0, 1.0]"
hCoV-19/Switzerland/BE-ETHZ-100122/2020|EPI_ISL_451706|2020-03-16,NON_GA,"[0.0, 1.0]"
hCoV-19/Thailand/Bangkok-CONI-0113/2020|EPI_ISL_455915|2020-03-11,NON_GA,"[0.0, 1.0]"
NODE_0001518,NON_GA,"[0.005314165550215999, 0.994685834449784]"
hCoV-19/Northern_Ireland/NIRE-101E7D/2020|EPI_ISL_453470|2020-03-24,NON_GA,"[0.0, 1.0]"
hCoV-19/Northern_Ireland/NIRE-FB633/2020|EPI_ISL_448959|2020-03-28,NON_GA,"[0.0, 0.9999999999999999]"
NODE_0001307,NON_GA,"[0.00022134288526776276, 0.9997786571147322]"
hCoV-19/Fujian/IM3520003T/2020|EPI_ISL_431240|2020-03-16,NON_GA,"[0.0, 1.0]"
hCoV-19/Fujian/IM3520002T/2020|EPI_ISL_431180|2020-03-15,NON_GA,"[0.0, 0.9999999999999999]"
hCoV-19/Brazil/SP-861/2020|EPI_ISL_861636|2020-03-27,NON_GA,"[0.0, 1.0]"
NODE_0001310,NON_GA,"[0.00017242354461753786, 0.9998275764553824]"
hCoV-19/Brazil/SP-812/2020|EPI_ISL_861628|2020-03-20,NON_GA,"[0.0, 1.0]"
hCoV-19/Brazil/SP-272/2020|EPI_ISL_524462|2020-03-17,NON_GA,"[0.0, 1.0]"
hCoV-19/Brazil/SP-818/2020|EPI_ISL_776753|2020-03-31,NON_GA,"[0.0, 1.0]"
hCoV-19/Brazil/SP-294/2020|EPI_ISL_527862|2020-03-30,NON_GA,"[0.0, 1.0]"
hCoV-19/Brazil/BA-33/2020|EPI_ISL_978518|2020-03-28,NON_GA,"[0.0, 1.0]"
hCoV-19/Brazil/BA-33.1/2020|EPI_ISL_1068347|2020-03-28,NON_GA,"[0.0, 1.0]"
hCoV-19/Brazil/SP-HIAE-ID49/2020|EPI_ISL_861913|2020-03-20,NON_GA,"[0.0, 1.0]"
NODE_0001464,NON_GA,"[5.810762326568161e-05, 0.9999418923767344]"
hCoV-19/Chile/BI-ISPCH-1/2020|EPI_ISL_445271|2020-03-13,NON_GA,"[0.0, 1.0]"
hCoV-19/USA/NY-PV08122/2020|EPI_ISL_421351|2020-03-11,NON_GA,"[0.0, 1.0]"
hCoV-19/Oman/RESP-20-6020/2020|EPI_ISL_491116|2020-03-26,NON_GA,"[0.0, 1.0]"
hCoV-19/USA/NY-PV08124/2020|EPI_ISL_421353|2020-03-14,NON_GA,"[0.0, 0.9999999999999999]"
hCoV-19/Peru/LIM-INS-016/2020|EPI_ISL_490315|2020-03-10,NON_GA,"[0.0, 1.0]"
hCoV-19/Chile/Santiago-PUC_MVL_0051/2020|EPI_ISL_801641|2020-03-22,NON_GA,"[0.0, 1.0]"
hCoV-19/USA/NY-PV09075/2020|EPI_ISL_421621|2020-03-20,NON_GA,"[0.0, 1.0]"
hCoV-19/Italy/LOM-UniMI-L77/2020|EPI_ISL_542422|2020-03-06,NON_GA,"[0.0, 1.0]"
hCoV-19/Italy/LOM-UniMI-L184/2020|EPI_ISL_542175|2020-03-14,NON_GA,"[0.0, 0.9999999999999999]"
NODE_0001472,NON_GA,"[0.0009402993788490277, 0.999059700621151]"
hCoV-19/Italy/UMB-ISS-3867/2020|EPI_ISL_856906|2020-03-06,NON_GA,"[0.0, 0.9999999999999999]"
hCoV-19/North_Macedonia/1236/2020|EPI_ISL_1165139|2020-03-24,NON_GA,"[0.0, 1.0]"
NODE_0001401,NON_GA,"[0.3058444511968029, 0.6941555488031971]"
hCoV-19/USA/CA-QDX-2171/2020|EPI_ISL_604440|2020-03-19,NON_GA,"[0.0, 0.9999999999999999]"
hCoV-19/USA/GA_2741/2020|EPI_ISL_419556|2020-02-29,GA,"[1.0, 0.0]"
hCoV-19/USA/GA_2742/2020|EPI_ISL_419557|2020-02-29,GA,"[1.0, 0.0]"
NODE_0001404,NON_GA,"[0.11030950534506366, 0.8896904946549363]"
hCoV-19/Italy/CAL-ISS-4676/2020|EPI_ISL_856889|2020-03-07,NON_GA,"[0.0, 1.0]"
hCoV-19/USA/NY-PV09481/2020|EPI_ISL_450153|2020-03-20,NON_GA,"[0.0, 0.9999999999999999]"
hCoV-19/Italy/LOM-UniMI-L224/2020|EPI_ISL_542211|2020-03-13,NON_GA,"[0.0, 1.0]"
hCoV-19/Italy/LOM-UniMI-L57/2020|EPI_ISL_542404|2020-03-04,NON_GA,"[0.0, 1.0]"
hCoV-19/Italy/LOM-UniMI-L113/2020|EPI_ISL_542110|2020-03-09,NON_GA,"[0.0, 1.0]"
hCoV-19/Italy/LOM-UniMI-L310/2020|EPI_ISL_542263|2020-02-29,NON_GA,"[0.0, 1.0]"
hCoV-19/Italy/LOM-UniMI-L319/2020|EPI_ISL_542270|2020-03-01,NON_GA,"[0.0, 0.9999999999999999]"
hCoV-19/Italy/LOM-UniMI-L96/2020|EPI_ISL_542440|2020-03-06,NON_GA,"[0.0, 1.0]"
NODE_0001483,NON_GA,"[4.666414026365195e-05, 0.9999533358597364]"
hCoV-19/Italy/VEN-IZSVe-1-1/2020|EPI_ISL_636464|2020-03-21,NON_GA,"[0.0, 1.0]"
hCoV-19/Germany/HH-hpi-p1952/2020|EPI_ISL_776279|2020-03-24,NON_GA,"[0.0, 1.0]"
hCoV-19/Germany/HH-hpi-p2317/2020|EPI_ISL_776563|2020-03-24,NON_GA,"[0.0, 1.0]"
hCoV-19/USA/WI-CDC-6236/2020|EPI_ISL_576185|2020-03-25,NON_GA,"[0.0, 1.0]"
hCoV-19/Italy/LOM-UniMI-L444/2020|EPI_ISL_542363|2020-03-20,NON_GA,"[0.0, 0.9999999999999999]"
hCoV-19/Italy/LOM-UniMI-L395/2020|EPI_ISL_542317|2020-03-09,NON_GA,"[0.0, 1.0]"
hCoV-19/Spain/VC-FISABIO-7/2020|EPI_ISL_416486|2020-03-02,NON_GA,"[0.0, 0.9999999999999999]"
hCoV-19/Spain/AN-IBV-001919/2020|EPI_ISL_467080|2020-03-17,NON_GA,"[0.0, 1.0]"
hCoV-19/Spain/AN-IBV-001917/2020|EPI_ISL_467081|2020-03-17,NON_GA,"[0.0, 1.0]"
hCoV-19/Italy/LOM-UniMI-L439/2020|EPI_ISL_542358|2020-03-28,NON_GA,"[0.0, 1.0]"
hCoV-19/Belgium/LAM-0325339/2020|EPI_ISL_462193|2020-03-25,NON_GA,"[0.0, 1.0]"
hCoV-19/Germany/HH-hpi-p1957/2020|EPI_ISL_776282|2020-03-25,NON_GA,"[0.0, 1.0]"
hCoV-19/Spain/IB-IBV-h2551/2020|EPI_ISL_468999|2020-03-20,NON_GA,"[0.0, 0.9999999999999999]"
hCoV-19/Germany/HH-hpi-p2071/2020|EPI_ISL_776347|2020-03-20,NON_GA,"[0.0, 0.9999999999999999]"
hCoV-19/England/20140071404/2020|EPI_ISL_423412|2020-03-29,NON_GA,"[0.0, 0.9999999999999999]"
hCoV-19/Italy/LOM-UniMI-L430/2020|EPI_ISL_542349|2020-03-19,NON_GA,"[0.0, 1.0]"
hCoV-19/England/NORT-289410/2020|EPI_ISL_458612|2020-03-29,NON_GA,"[0.0, 0.9999999999999999]"
NODE_0001498,NON_GA,"[0.0006460607293840173, 0.9993539392706159]"
hCoV-19/Germany/HH-hpi-p1658/2020|EPI_ISL_776084|2020-03-18,NON_GA,"[0.0, 1.0]"
hCoV-19/Germany/HH-hpi-p1659/2020|EPI_ISL_776085|2020-03-18,NON_GA,"[0.0, 1.0]"
NODE_0001416,NON_GA,"[1.602451496950758e-05, 0.9999839754850305]"
hCoV-19/Brazil/MG-CV33/2020|EPI_ISL_429689|2020-03-17,NON_GA,"[0.0, 0.9999999999999999]"
hCoV-19/Netherlands/NoordHolland_10001/2020|EPI_ISL_454750|2020-02-27,NON_GA,"[0.0, 1.0]"
hCoV-19/Scotland/EDB019/2020|EPI_ISL_425825|2020-03-13,NON_GA,"[0.0, 0.9999999999999999]"
hCoV-19/Netherlands/NH-RIVM-10073/2020|EPI_ISL_547499|2020-02-27,NON_GA,"[0.0, 1.0]"
NODE_0001420,NON_GA,"[2.192315832106784e-06, 0.9999978076841679]"
hCoV-19/Brazil/PR-FIOCRUZ-33313/2020|EPI_ISL_1181610|2020-03-26,NON_GA,"[0.0, 1.0]"
hCoV-19/Brazil/RJ-FIOCRUZ-1157/2020|EPI_ISL_1181611|2020-03-26,NON_GA,"[0.0, 1.0]"
hCoV-19/Brazil/SP-L12-CD28/2020|EPI_ISL_476221|2020-03-09,NON_GA,"[0.0, 1.0]"
hCoV-19/Canada/ON-S237/2020|EPI_ISL_755827|2020-03-26,NON_GA,"[0.0, 1.0]"
hCoV-19/Brazil/BA-22.1/2020|EPI_ISL_1068336|2020-03-29,NON_GA,"[0.0, 1.0]"
hCoV-19/Brazil/RJ-FIOCRUZ-912/2020|EPI_ISL_1181608|2020-03-30,NON_GA,"[0.0, 1.0]"
hCoV-19/Brazil/RS-FIOCRUZ-6169/2020|EPI_ISL_729819|2020-03-12,NON_GA,"[0.0, 1.0]"
hCoV-19/Brazil/BA-25/2020|EPI_ISL_978510|2020-03-23,NON_GA,"[0.0, 1.0]"
hCoV-19/Portugal/PT0784/2020|EPI_ISL_511043|2020-03-16,NON_GA,"[0.0, 1.0]"
hCoV-19/Brazil/SP-HIAE-ID43/2020|EPI_ISL_861907|2020-03-25,NON_GA,"[0.0, 1.0]"
hCoV-19/USA/FL-QDX-787/2020|EPI_ISL_571522|2020-03-21,NON_GA,"[0.0, 1.0]"
hCoV-19/Brazil/SP-122/2020|EPI_ISL_515522|2020-03-31,NON_GA,"[0.0, 1.0]"
hCoV-19/Brazil/BA-25.1/2020|EPI_ISL_1068339|2020-03-23,NON_GA,"[0.0, 1.0]"
hCoV-19/Brazil/SP-625/2020|EPI_ISL_515528|2020-03-25,NON_GA,"[0.0, 1.0]"
hCoV-19/Brazil/BA-18.1/2020|EPI_ISL_1068332|2020-03-18,NON_GA,"[0.0, 0.9999999999999999]"
NODE_0001288,NON_GA,"[6.732363201216124e-05, 0.9999326763679878]"
hCoV-19/England/LIVE-A4B0D/2020|EPI_ISL_500072|2020-03-08,NON_GA,"[0.0, 1.0]"
hCoV-19/England/LIVE-A57DB/2020|EPI_ISL_500152|2020-03-19,NON_GA,"[0.0, 0.9999999999999999]"
hCoV-19/England/LIVE-A4745/2020|EPI_ISL_500038|2020-03-11,NON_GA,"[0.0, 0.9999999999999999]"
hCoV-19/Russia/Moscow-77620/2020|EPI_ISL_428889|2020-03-22,NON_GA,"[0.0, 1.0]"
NODE_0001302,NON_GA,"[0.003930432631337774, 0.9960695673686623]"
hCoV-19/England/LIVE-AA7A9/2020|EPI_ISL_517501|2020-03-24,NON_GA,"[0.0, 1.0]"
hCoV-19/England/BRIS-1298CC/2020|EPI_ISL_458448|2020-03-31,NON_GA,"[0.0, 1.0]"
hCoV-19/England/BRIS-125B21/2020|EPI_ISL_443819|2020-03-30,NON_GA,"[0.0, 1.0]"
hCoV-19/England/SHEF-C0321/2020|EPI_ISL_420181|2020-03-27,NON_GA,"[0.0, 0.9999999999999999]"
NODE_0001292,NON_GA,"[0.00021146555085332564, 0.9997885344491467]"
hCoV-19/Italy/PIE-SLL-MS57/2020|EPI_ISL_569873|2020-03-31,NON_GA,"[0.0, 1.0]"
hCoV-19/Germany/NI-IOV-P5519/2020|EPI_ISL_883186|2020-03-23,NON_GA,"[0.0, 1.0]"
hCoV-19/Spain/NC-IBV-001418/2020|EPI_ISL_452483|2020-03-21,NON_GA,"[0.0, 1.0]"
hCoV-19/Argentina/PAIS-D0009/2020|EPI_ISL_792451|2020-03-24,NON_GA,"[0.0, 1.0]"
hCoV-19/Italy/PIE-SLL-MS54/2020|EPI_ISL_569870|2020-03-31,NON_GA,"[0.0, 1.0]"
hCoV-19/Italy/LOM-UniMI-L162/2020|EPI_ISL_542156|2020-03-08,NON_GA,"[0.0, 1.0]"
hCoV-19/Italy/VEN-IZSVe-20RS2273-7_TV/2020|EPI_ISL_1260893|2020-03-17,NON_GA,"[0.0, 1.0]"
NODE_0001300,NON_GA,"[0.0029753099867261034, 0.997024690013274]"
hCoV-19/Italy/LOM-UniMI-L420/2020|EPI_ISL_542339|2020-03-18,NON_GA,"[0.0, 1.0]"
hCoV-19/Italy/LOM-UniMI-L449/2020|EPI_ISL_542367|2020-03-22,NON_GA,"[0.0, 1.0]"
NODE_0001298,NON_GA,"[0.004622750920634723, 0.9953772490793653]"
hCoV-19/Germany/BW-UKT-a035/2020|EPI_ISL_723089|2020-03-22,NON_GA,"[0.0, 1.0]"
hCoV-19/Germany/BW-UKT-039/2020|EPI_ISL_581480|2020-03-26,NON_GA,"[0.0, 0.9999999999999999]"
NODE_0001167,NON_GA,"[0.001969716806036584, 0.9980302831939633]"
hCoV-19/Switzerland/BE-UNIBE-200-5795/2020|EPI_ISL_574838|2020-03-26,NON_GA,"[0.0, 1.0]"
hCoV-19/Italy/VEN-IZSVe-6-55/2020|EPI_ISL_636475|2020-03-22,NON_GA,"[0.0, 1.0]"
hCoV-19/Spain/CN-IBV-002595/2020|EPI_ISL_467090|2020-03-12,NON_GA,"[0.0, 1.0]"
hCoV-19/Turkey/HSGM-515/2020|EPI_ISL_437308|2020-03-25,NON_GA,"[0.0, 1.0]"
hCoV-19/Mexico/CMX-INER-0008/2020|EPI_ISL_837610|2020-03-20,NON_GA,"[0.0, 0.9999999999999999]"
hCoV-19/Italy/TUS-UniSi12/2020|EPI_ISL_803893|2020-03-01,NON_GA,"[0.0, 0.9999999999999999]"
hCoV-19/Romania/Bucuresti-4105/2020|EPI_ISL_468134|2020-03-21,NON_GA,"[0.0, 1.0]"
hCoV-19/Belgium/PC-0325182/2020|EPI_ISL_420439|2020-03-25,NON_GA,"[0.0, 1.0]"
hCoV-19/Austria/CeMM0371/2020|EPI_ISL_475816|2020-03-25,NON_GA,"[0.0, 1.0]"
hCoV-19/Zhejiang/OS4/2020|EPI_ISL_455693|2020-03-24,NON_GA,"[0.0, 1.0]"
hCoV-19/Switzerland/VD-42205435/2020|EPI_ISL_581784|2020-03-24,NON_GA,"[0.0, 1.0]"
hCoV-19/Italy/CAM-CRGS-1/2020|EPI_ISL_875674|2020-03-14,NON_GA,"[0.0, 0.9999999999999999]"
hCoV-19/Switzerland/BS-UHB-42203282/2020|EPI_ISL_528348|2020-03-23,NON_GA,"[0.0, 1.0]"
hCoV-19/Romania/Bucuresti-6451/2020|EPI_ISL_468145|2020-03-28,NON_GA,"[0.0, 0.9999999999999999]"
hCoV-19/Hangzhou/HZCDCp145/2020|EPI_ISL_482582|2020-03-21,NON_GA,"[0.0, 1.0]"
hCoV-19/Italy/CAM-CRGS-73/2020|EPI_ISL_876972|2020-03-30,NON_GA,"[0.0, 1.0]"
hCoV-19/Italy/TUS-UniSI-1/2020|EPI_ISL_454733|2020-03-01,NON_GA,"[0.0, 0.9999999999999999]"
hCoV-19/France/ARA-SC001/2020|EPI_ISL_629081|2020-02-28,NON_GA,"[0.0, 0.9999999999999999]"
hCoV-19/Austria/CeMM0427/2020|EPI_ISL_475855|2020-03-13,NON_GA,"[0.0, 1.0]"
hCoV-19/Spain/MD-HLP-R63/2020|EPI_ISL_530109|2020-03-17,NON_GA,"[0.0, 0.9999999999999999]"
hCoV-19/Belgium/MAC-0324142/2020|EPI_ISL_420399|2020-03-24,NON_GA,"[0.0, 1.0]"
|GA-EHC-064L,GA,"[1.0, 0.0]"
hCoV-19/Spain/AS-IBV-98006631/2020|EPI_ISL_654665|2020-03-31,NON_GA,"[0.0, 1.0]"
hCoV-19/Canada/Qc-LSPQ-L00241924/2020|EPI_ISL_536296|2020-03-28,NON_GA,"[0.0, 0.9999999999999999]"
hCoV-19/England/CAMB-7540A/2020|EPI_ISL_440407|2020-03-13,NON_GA,"[0.0, 1.0]"
hCoV-19/Peru/LIM-INS-147/2020|EPI_ISL_536542|2020-03-14,NON_GA,"[0.0, 0.9999999999999999]"
hCoV-19/Italy/VEN-UniVR-82/2020|EPI_ISL_751391|2020-03-22,NON_GA,"[0.0, 1.0]"
hCoV-19/Austria/CeMM0287/2020|EPI_ISL_438112|2020-03-26,NON_GA,"[0.0, 1.0]"
hCoV-19/Italy/TUS-DBM-1/2020|EPI_ISL_582123|2020-03-01,NON_GA,"[0.0, 0.9999999999999999]"
hCoV-19/Switzerland/VS-ETHZ-100099/2020|EPI_ISL_451691|2020-03-13,NON_GA,"[0.0, 1.0]"
hCoV-19/England/LIVE-A5911/2020|EPI_ISL_499647|2020-03-17,NON_GA,"[0.0, 0.9999999999999999]"
hCoV-19/USA/GA_1621/2020|EPI_ISL_424858|2020-03-04,GA,"[1.0, 0.0]"
hCoV-19/Switzerland/BL-ETHZ-100343/2020|EPI_ISL_574894|2020-03-19,NON_GA,"[0.0, 1.0]"
NODE_0001205,NON_GA,"[0.003715193317344945, 0.9962848066826552]"
hCoV-19/France/IDF_PSL_22/2020|EPI_ISL_1015248|2020-03-20,NON_GA,"[0.0, 1.0]"
hCoV-19/South_Korea/KCDC2143/2020|EPI_ISL_498044|2020-03-22,NON_GA,"[0.0, 1.0]"
NODE_0001204,NON_GA,"[0.0020280062542470207, 0.997971993745753]"
hCoV-19/Spain/NC-IBV-001385/2020|EPI_ISL_452516|2020-03-15,NON_GA,"[0.0, 1.0]"
hCoV-19/Spain/NC-IBV-001417/2020|EPI_ISL_452484|2020-03-22,NON_GA,"[0.0, 1.0]"
NODE_0001199,NON_GA,"[0.005369722710644057, 0.9946302772893559]"
hCoV-19/Belgium/NIM-0324161/2020|EPI_ISL_420418|2020-03-24,NON_GA,"[0.0, 1.0]"
NODE_0001200,NON_GA,"[0.005261169413429299, 0.9947388305865706]"
hCoV-19/Austria/CeMM0379/2020|EPI_ISL_475822|2020-03-31,NON_GA,"[0.0, 1.0]"
hCoV-19/Austria/CeMM0377/2020|EPI_ISL_475821|2020-03-30,NON_GA,"[0.0, 1.0]"
NODE_0001196,NON_GA,"[0.0008900149071650297, 0.999109985092835]"
hCoV-19/Belgium/MBLG61807/2020|EPI_ISL_949247|2020-03-29,NON_GA,"[0.0, 1.0]"
hCoV-19/Belgium/UGent-109/2020|EPI_ISL_475069|2020-03-18,NON_GA,"[0.0, 1.0]"
hCoV-19/Belgium/UGent-101/2020|EPI_ISL_475061|2020-03-17,NON_GA,"[0.0, 1.0]"
hCoV-19/Belgium/UGent-106/2020|EPI_ISL_475066|2020-03-18,NON_GA,"[0.0, 1.0]"
NODE_0001234,NON_GA,"[2.165393620013322e-10, 0.9999999997834605]"
hCoV-19/Netherlands/NA_19/2020|EPI_ISL_415475|2020-03-12,NON_GA,"[0.0, 1.0]"
hCoV-19/Netherlands/NoordBrabant_2/2020|EPI_ISL_414449|2020-03-03,NON_GA,"[0.0, 1.0]"
hCoV-19/Italy/LOM-UniMI-L182/2020|EPI_ISL_542173|2020-03-12,NON_GA,"[0.0, 1.0]"
hCoV-19/Germany/BW-FR0085/2020|EPI_ISL_852701|2020-03-24,NON_GA,"[0.0, 1.0]"
hCoV-19/Germany/BY-MVP-0045/2020|EPI_ISL_437244|2020-03-08,NON_GA,"[0.0, 0.9999999999999999]"
hCoV-19/Netherlands/Limburg_2/2020|EPI_ISL_414424|2020-03-03,NON_GA,"[0.0, 1.0]"
hCoV-19/Germany/HH-hpi-p1412/2020|EPI_ISL_775941|2020-03-05,NON_GA,"[0.0, 0.9999999999999999]"
hCoV-19/Germany/NI-ChVir2098/2020|EPI_ISL_729501|2020-03-11,NON_GA,"[0.0, 0.9999999999999999]"
hCoV-19/Germany/HH-hpi-p1921/2020|EPI_ISL_776252|2020-03-25,NON_GA,"[0.0, 1.0]"
hCoV-19/Czech_Republic/FNHK-06401/2020|EPI_ISL_895784|2020-03-25,NON_GA,"[0.0, 1.0]"
hCoV-19/England/LIVE-A91AC/2020|EPI_ISL_517272|2020-03-25,NON_GA,"[0.0, 1.0]"
hCoV-19/Netherlands/Limburg_5/2020|EPI_ISL_414448|2020-03-04,NON_GA,"[0.0, 1.0]"
hCoV-19/Germany/BW-FR0060/2020|EPI_ISL_852757|2020-03-03,NON_GA,"[0.0, 1.0]"
hCoV-19/England/20109093806/2020|EPI_ISL_417287|2020-03-06,NON_GA,"[0.0, 1.0]"
hCoV-19/Ireland/CO-NVRL-20G44154/2020|EPI_ISL_681923|2020-03-30,NON_GA,"[0.0, 1.0]"
hCoV-19/Austria/CeMM0392/2020|EPI_ISL_475832|2020-03-19,NON_GA,"[0.0, 1.0]"
hCoV-19/France/ARA-SC024/2020|EPI_ISL_629090|2020-03-21,NON_GA,"[0.0, 1.0]"
hCoV-19/Austria/CeMM0198/2020|EPI_ISL_438039|2020-03-14,NON_GA,"[0.0, 1.0]"
hCoV-19/USA/NY-Wadsworth-18534-01/2020|EPI_ISL_676744|2020-03-15,NON_GA,"[0.0, 1.0]"
hCoV-19/Netherlands/Utrecht_13/2020|EPI_ISL_414463|2020-03-04,NON_GA,"[0.0, 1.0]"
hCoV-19/Germany/BAV-PL-virotum_m4c8/2020|EPI_ISL_887393|2020-03-31,NON_GA,"[0.0, 1.0]"
hCoV-19/Germany/BY-V2010486/2020|EPI_ISL_420898|2020-03-11,NON_GA,"[0.0, 0.9999999999999999]"
hCoV-19/Germany/BY-ChVir-W1058-5732/2020|EPI_ISL_754026|2020-03-26,NON_GA,"[0.0, 1.0]"
hCoV-19/Austria/CeMM0494/2020|EPI_ISL_583583|2020-03-17,NON_GA,"[0.0, 1.0]"
hCoV-19/Italy/CAM-CRGS-81/2020|EPI_ISL_877014|2020-03-31,NON_GA,"[0.0, 1.0]"
hCoV-19/Netherlands/NA_186/2020|EPI_ISL_422721|2020-03-23,NON_GA,"[0.0, 1.0]"
hCoV-19/Germany/BY-MVP-0017/2020|EPI_ISL_437218|2020-03-12,NON_GA,"[0.0, 1.0]"
hCoV-19/Germany/BW-ChVir1946/2020|EPI_ISL_729488|2020-03-05,NON_GA,"[0.0, 0.9999999999999999]"
hCoV-19/Germany/HH-hpi-p1719/2020|EPI_ISL_776102|2020-03-15,NON_GA,"[0.0, 1.0]"
hCoV-19/Netherlands/NA_552/2020|EPI_ISL_460720|2020-03-17,NON_GA,"[0.0, 1.0]"
hCoV-19/South_Korea/KCDC2130/2020|EPI_ISL_498031|2020-03-16,NON_GA,"[0.0, 0.9999999999999999]"
hCoV-19/Austria/CeMM0513/2020|EPI_ISL_583598|2020-03-18,NON_GA,"[0.0, 1.0]"
hCoV-19/Belgium/VME-0327346/2020|EPI_ISL_462200|2020-03-27,NON_GA,"[0.0, 1.0]"
hCoV-19/Netherlands/ZuidHolland_10/2020|EPI_ISL_414446|2020-03-03,NON_GA,"[0.0, 1.0]"
hCoV-19/Belgium/WWM-030665/2020|EPI_ISL_420321|2020-03-06,NON_GA,"[0.0, 1.0]"
hCoV-19/Russia/Moscow_64405/2020|EPI_ISL_428869|2020-03-13,NON_GA,"[0.0, 1.0]"
hCoV-19/Sweden/20-50229/2020|EPI_ISL_455879|2020-03-07,NON_GA,"[0.0, 1.0]"
hCoV-19/Belgium/MMJ-03034/2020|EPI_ISL_417429|2020-03-03,NON_GA,"[0.0, 1.0]"
hCoV-19/Germany/HH-hpi-p1502/2020|EPI_ISL_776008|2020-03-05,NON_GA,"[0.0, 0.9999999999999999]"
hCoV-19/Belgium/MTR-03021/2020|EPI_ISL_416467|2020-03-02,NON_GA,"[0.0, 0.9999999999999999]"
hCoV-19/Germany/HH-hpi-p2188/2020|EPI_ISL_776416|2020-03-08,NON_GA,"[0.0, 0.9999999999999999]"
hCoV-19/Germany/HH-hpi-p1441/2020|EPI_ISL_775960|2020-03-05,NON_GA,"[0.0, 0.9999999999999999]"
NODE_0001284,NON_GA,"[0.00041329983190698216, 0.9995867001680929]"
hCoV-19/Thailand/Bangkok-CONI-0257/2020|EPI_ISL_693336|2020-03-14,NON_GA,"[0.0, 1.0]"
hCoV-19/Thailand/CU-SI204730-NST/2020|EPI_ISL_918161|2020-03-13,NON_GA,"[0.0, 1.0]"
NODE_0001264,NON_GA,"[0.0005710875999799696, 0.9994289124000201]"
hCoV-19/Switzerland/SZ-UZH-1000478990/2020|EPI_ISL_524484|2020-03-03,NON_GA,"[0.0, 1.0]"
hCoV-19/Italy/VEN-UniVR-109/2020|EPI_ISL_751413|2020-03-27,NON_GA,"[0.0, 1.0]"
NODE_0001262,NON_GA,"[0.002922799636072052, 0.997077200363928]"
hCoV-19/Netherlands/NA_92/2020|EPI_ISL_422852|2020-03-16,NON_GA,"[0.0, 1.0]"
hCoV-19/Belgium/LMA-0330384/2020|EPI_ISL_462238|2020-03-30,NON_GA,"[0.0, 1.0]"
NODE_0001259,NON_GA,"[0.000987116545529135, 0.9990128834544709]"
hCoV-19/Sweden/20-50251/2020|EPI_ISL_455890|2020-03-07,NON_GA,"[0.0, 1.0]"
hCoV-19/Italy/ABR-IZSGC-TE5512/2020|EPI_ISL_420566|2020-03-19,NON_GA,"[0.0, 1.0]"
hCoV-19/Switzerland/BL-ETHZ-100236/2020|EPI_ISL_574886|2020-03-18,NON_GA,"[0.0, 0.9999999999999999]"
NODE_0001253,NON_GA,"[0.00014784668544334646, 0.9998521533145566]"
hCoV-19/Italy/VEN-ISS-4113/2020|EPI_ISL_856908|2020-03-09,NON_GA,"[0.0, 0.9999999999999999]"
hCoV-19/Netherlands/NoordBrabant_3/2020|EPI_ISL_414429|2020-03-02,NON_GA,"[0.0, 1.0]"
hCoV-19/Netherlands/NA_11/2020|EPI_ISL_415467|2020-03-10,NON_GA,"[0.0, 1.0]"
hCoV-19/Germany/HH-hpi-p1678/2020|EPI_ISL_776093|2020-03-18,NON_GA,"[0.0, 0.9999999999999999]"
NODE_0001321,NON_GA,"[6.343725207015105e-08, 0.9999999365627478]"
hCoV-19/USA/MN62-MDH62/2020|EPI_ISL_419390|2020-03-14,NON_GA,"[0.0, 0.9999999999999999]"
hCoV-19/Norway/Trondheim-E9/2020|EPI_ISL_450351|2020-03-11,NON_GA,"[0.0, 1.0]"
hCoV-19/USA/CA-QDX-1522/2020|EPI_ISL_603775|2020-03-17,NON_GA,"[0.0, 1.0]"
hCoV-19/England/CAMB-75BF6/2020|EPI_ISL_438330|2020-03-29,NON_GA,"[0.0, 1.0]"
hCoV-19/Israel/2047418/2020|EPI_ISL_447391|2020-03-29,NON_GA,"[0.0, 1.0]"
hCoV-19/Spain/CT-IBV-005595/2020|EPI_ISL_508643|2020-03-18,NON_GA,"[0.0, 1.0]"
hCoV-19/Spain/CT-IBV-005608/2020|EPI_ISL_508653|2020-03-26,NON_GA,"[0.0, 1.0]"
hCoV-19/Spain/IB-IBV-2538/2020|EPI_ISL_468992|2020-03-27,NON_GA,"[0.0, 1.0]"
hCoV-19/Spain/IB-IBV-2511/2020|EPI_ISL_469013|2020-03-20,NON_GA,"[0.0, 1.0]"
hCoV-19/USA/CA-QDX-1599/2020|EPI_ISL_603900|2020-03-19,NON_GA,"[0.0, 1.0]"
hCoV-19/France/PAC-IHU-0194/2020|EPI_ISL_569361|2020-03-27,NON_GA,"[0.0, 1.0]"
hCoV-19/USA/UT-QDX-2580/2020|EPI_ISL_604964|2020-03-13,NON_GA,"[0.0, 1.0]"
hCoV-19/Spain/PV-IBV-000909/2020|EPI_ISL_452658|2020-03-26,NON_GA,"[0.0, 1.0]"
hCoV-19/Germany/HH-hpi-p1773/2020|EPI_ISL_776147|2020-03-19,NON_GA,"[0.0, 1.0]"
hCoV-19/Italy/CAM-CRGS-47/2020|EPI_ISL_877013|2020-03-30,NON_GA,"[0.0, 1.0]"
hCoV-19/Brazil/BA-27.1/2020|EPI_ISL_1068341|2020-02-28,NON_GA,"[0.0, 0.9999999999999999]"
hCoV-19/Japan/PG-2894/2020|EPI_ISL_691020|2020-03-25,NON_GA,"[0.0, 1.0]"
hCoV-19/Malaysia/0121/2020|EPI_ISL_501176|2020-03-21,NON_GA,"[0.0, 1.0]"
hCoV-19/Spain/CT-HUVH-VH2683/2020|EPI_ISL_418861|2020-03-24,NON_GA,"[0.0, 0.9999999999999999]"
hCoV-19/France/OCC-SC487/2020|EPI_ISL_644690|2020-03-24,NON_GA,"[0.0, 0.9999999999999999]"
hCoV-19/Northern_Ireland/NIRE-1073E1/2020|EPI_ISL_585145|2020-03-31,NON_GA,"[0.0, 1.0]"
hCoV-19/Japan/PG-1293/2020|EPI_ISL_684901|2020-03-30,NON_GA,"[0.0, 1.0]"
hCoV-19/Ireland/D-20G48058/2020|EPI_ISL_848166|2020-03-29,NON_GA,"[0.0, 1.0]"
hCoV-19/Australia/VIC143/2020|EPI_ISL_419840|2020-03-16,NON_GA,"[0.0, 1.0]"
hCoV-19/Japan/PG-1921/2020|EPI_ISL_685527|2020-03-31,NON_GA,"[0.0, 1.0]"
hCoV-19/Portugal/PT1267/2020|EPI_ISL_511228|2020-03-19,NON_GA,"[0.0, 1.0]"
hCoV-19/Sichuan/SC-MY-001/2020|EPI_ISL_661271|2020-03-10,NON_GA,"[0.0, 1.0]"
hCoV-19/Israel/13075914/2020|EPI_ISL_447441|2020-03-30,NON_GA,"[0.0, 1.0]"
hCoV-19/Japan/PG-0294/2020|EPI_ISL_479971|2020-03-26,NON_GA,"[0.0, 1.0]"
hCoV-19/Ireland/D-NVRL-20G41470/2020|EPI_ISL_671373|2020-03-26,NON_GA,"[0.0, 1.0]"
hCoV-19/Brazil/SP-08/2020|EPI_ISL_416029|2020-03-04,NON_GA,"[0.0, 1.0]"
hCoV-19/Switzerland/BS-42208621/2020|EPI_ISL_581797|2020-03-26,NON_GA,"[0.0, 1.0]"
hCoV-19/Japan/PG-0369/2020|EPI_ISL_480039|2020-03-25,NON_GA,"[0.0, 1.0]"
hCoV-19/France/PAC-IHU-0276/2020|EPI_ISL_569426|2020-03-31,NON_GA,"[0.0, 1.0]"
hCoV-19/Germany/HH-hpi-p1934/2020|EPI_ISL_776262|2020-03-26,NON_GA,"[0.0, 1.0]"
hCoV-19/Japan/PG-2016/2020|EPI_ISL_685621|2020-03-27,NON_GA,"[0.0, 1.0]"
hCoV-19/Switzerland/GE-HUG-8102/2020|EPI_ISL_415458|2020-03-01,NON_GA,"[0.0, 0.9999999999999999]"
hCoV-19/Spain/VC-FISABIO-569/2020|EPI_ISL_447500|2020-03-27,NON_GA,"[0.0, 1.0]"
hCoV-19/USA/FL_5125/2020|EPI_ISL_419559|2020-02-28,NON_GA,"[0.0, 0.9999999999999999]"
hCoV-19/Spain/CN-IBV-002600/2020|EPI_ISL_467087|2020-03-16,NON_GA,"[0.0, 1.0]"
hCoV-19/Spain/AN-IBV-001075/2020|EPI_ISL_452609|2020-03-31,NON_GA,"[0.0, 1.0]"
hCoV-19/Spain/VC-FISABIO-250/2020|EPI_ISL_436345|2020-03-25,NON_GA,"[0.0, 1.0]"
hCoV-19/Spain/CN-IBV-97006482/2020|EPI_ISL_537697|2020-03-25,NON_GA,"[0.0, 1.0]"
hCoV-19/Spain/PV-IBV-000917/2020|EPI_ISL_452652|2020-03-27,NON_GA,"[0.0, 1.0]"
hCoV-19/Spain/PV-IBV-003232/2020|EPI_ISL_481014|2020-03-15,NON_GA,"[0.0, 1.0]"
hCoV-19/Spain/AN-IBV-001214/2020|EPI_ISL_452558|2020-03-24,NON_GA,"[0.0, 0.9999999999999999]"
hCoV-19/Spain/CN-IBV-002604/2020|EPI_ISL_474917|2020-03-18,NON_GA,"[0.0, 1.0]"
hCoV-19/Spain/AR-IBV-2476/2020|EPI_ISL_468769|2020-03-17,NON_GA,"[0.0, 1.0]"
hCoV-19/Spain/CT-IBV-004154/2020|EPI_ISL_510066|2020-03-24,NON_GA,"[0.0, 0.9999999999999999]"
hCoV-19/England/20144037904/2020|EPI_ISL_466000|2020-03-31,NON_GA,"[0.0, 1.0]"
hCoV-19/Italy/CAM-ISS-780/2020|EPI_ISL_856892|2020-02-29,NON_GA,"[0.0, 1.0]"
hCoV-19/Japan/PG-0352/2020|EPI_ISL_480024|2020-03-26,NON_GA,"[0.0, 1.0]"
NODE_0001368,NON_GA,"[0.006210560678295281, 0.9937894393217047]"
hCoV-19/Spain/VC-FISABIO-570/2020|EPI_ISL_447501|2020-03-27,NON_GA,"[0.0, 1.0]"
hCoV-19/Spain/VC-FISABIO-611/2020|EPI_ISL_447529|2020-03-31,NON_GA,"[0.0, 1.0]"
NODE_0001354,NON_GA,"[0.0008370475712661174, 0.9991629524287339]"
hCoV-19/France/PAC-MEPHI-0312/2020|EPI_ISL_644404|2020-03-24,NON_GA,"[0.0, 1.0]"
hCoV-19/Belgium/ULG-6948/2020|EPI_ISL_417022|2020-03-15,NON_GA,"[0.0, 1.0]"
hCoV-19/Belgium/ULG-7242/2020|EPI_ISL_418626|2020-03-16,NON_GA,"[0.0, 1.0]"
NODE_0001356,NON_GA,"[4.240030317918731e-05, 0.9999575996968209]"
hCoV-19/Spain/VC-IBV-98004538/2020|EPI_ISL_796108|2020-03-20,NON_GA,"[0.0, 1.0]"
hCoV-19/Spain/VC-IBV-98006965/2020|EPI_ISL_796146|2020-03-23,NON_GA,"[0.0, 0.9999999999999999]"
hCoV-19/Spain/VC-IBV-98004516/2020|EPI_ISL_796098|2020-03-26,NON_GA,"[0.0, 1.0]"
hCoV-19/Spain/VC-IBV-98004537/2020|EPI_ISL_796107|2020-03-20,NON_GA,"[0.0, 1.0]"
hCoV-19/Spain/VC-IBV-98006967/2020|EPI_ISL_796148|2020-03-23,NON_GA,"[0.0, 0.9999999999999999]"
hCoV-19/Spain/VC-IBV-98003495/2020|EPI_ISL_539285|2020-03-22,NON_GA,"[0.0, 1.0]"
hCoV-19/Spain/VC-IBV-98003113/2020|EPI_ISL_538049|2020-03-15,NON_GA,"[0.0, 0.9999999999999999]"
hCoV-19/Spain/VC-IBV-98004504/2020|EPI_ISL_796093|2020-03-25,NON_GA,"[0.0, 0.9999999999999999]"
hCoV-19/Spain/VC-IBV-98004539/2020|EPI_ISL_796109|2020-03-20,NON_GA,"[0.0, 1.0]"
hCoV-19/Spain/VC-IBV-98006977/2020|EPI_ISL_796152|2020-03-24,NON_GA,"[0.0, 1.0]"
hCoV-19/Spain/VC-IBV-98006947/2020|EPI_ISL_796138|2020-03-20,NON_GA,"[0.0, 1.0]"
hCoV-19/Spain/VC-IBV-98004340/2020|EPI_ISL_654477|2020-03-25,NON_GA,"[0.0, 0.9999999999999999]"
NODE_0001927,NON_GA,"[0.0011932164145322854, 0.9988067835854677]"
hCoV-19/France/ARA-10194/2020|EPI_ISL_525537|2020-03-17,NON_GA,"[0.0, 0.9999999999999999]"
hCoV-19/France/ARA-12742/2020|EPI_ISL_508953|2020-03-23,NON_GA,"[0.0, 1.0]"
hCoV-19/Israel/13075735/2020|EPI_ISL_447448|2020-03-30,NON_GA,"[0.0, 1.0]"
hCoV-19/Italy/TAA-ISS-3192/2020|EPI_ISL_856903|2020-03-07,NON_GA,"[0.0, 1.0]"
hCoV-19/USA/WA-QDX-1118/2020|EPI_ISL_571909|2020-03-20,NON_GA,"[0.0, 1.0]"
hCoV-19/France/PAC-IHU-0186/2020|EPI_ISL_569354|2020-03-27,NON_GA,"[0.0, 0.9999999999999999]"
hCoV-19/France/ARA-11939/2020|EPI_ISL_419169|2020-03-21,NON_GA,"[0.0, 1.0]"
hCoV-19/France/ARA-12740/2020|EPI_ISL_509008|2020-03-23,NON_GA,"[0.0, 1.0]"
hCoV-19/France/ARA-10552/2020|EPI_ISL_419168|2020-03-17,NON_GA,"[0.0, 0.9999999999999999]"
hCoV-19/USA/MO-QDX-530/2020|EPI_ISL_571382|2020-03-18,NON_GA,"[0.0, 0.9999999999999999]"
hCoV-19/France/ARA-0779/2020|EPI_ISL_508945|2020-03-11,NON_GA,"[0.0, 1.0]"
hCoV-19/France/PAC-IHU-0115/2020|EPI_ISL_569315|2020-03-24,NON_GA,"[0.0, 0.9999999999999999]"
hCoV-19/Lebanon/S2_759/2020|EPI_ISL_450509|2020-03-15,NON_GA,"[0.0, 1.0]"
hCoV-19/France/IDF_HB_112002105286/2020|EPI_ISL_940531|2020-02-28,NON_GA,"[0.0, 1.0]"
|GA-EHC-083E,GA,"[1.0, 0.0]"
hCoV-19/France/ARA-10192/2020|EPI_ISL_418425|2020-03-17,NON_GA,"[0.0, 0.9999999999999999]"
hCoV-19/France/PAC-IHU-0256/2020|EPI_ISL_569414|2020-03-30,NON_GA,"[0.0, 1.0]"
hCoV-19/France/HDF-1805/2020|EPI_ISL_414628|2020-03-02,NON_GA,"[0.0, 0.9999999999999999]"
hCoV-19/France/PAC-IHU-0059/2020|EPI_ISL_569278|2020-03-19,NON_GA,"[0.0, 0.9999999999999999]"
hCoV-19/France/ARA-14791/2020|EPI_ISL_508894|2020-03-26,NON_GA,"[0.0, 1.0]"
hCoV-19/France/ARA-0668/2020|EPI_ISL_417336|2020-03-06,NON_GA,"[0.0, 1.0]"
hCoV-19/France/ARA-1284/2020|EPI_ISL_420616|2020-03-23,NON_GA,"[0.0, 1.0]"
hCoV-19/France/PAC-IHU-0237/2020|EPI_ISL_569400|2020-03-27,NON_GA,"[0.0, 0.9999999999999999]"
hCoV-19/USA/IN-Lilly-IPB0173-02bc25/2020|EPI_ISL_902990|2020-03-20,NON_GA,"[0.0, 1.0]"
hCoV-19/USA/NY-NYUMC819/2020|EPI_ISL_456055|2020-03-27,NON_GA,"[0.0, 0.9999999999999999]"
hCoV-19/USA/FL-TGH-0074/2020|EPI_ISL_1379483|2020-03-23,NON_GA,"[0.0, 1.0]"
hCoV-19/France/ARA-10910/2020|EPI_ISL_418430|2020-03-18,NON_GA,"[0.0, 0.9999999999999999]"
hCoV-19/France/IDF_PSL_56/2020|EPI_ISL_1015108|2020-03-24,NON_GA,"[0.0, 0.9999999999999999]"
hCoV-19/France/ARA-14997/2020|EPI_ISL_508899|2020-03-27,NON_GA,"[0.0, 0.9999999999999999]"
hCoV-19/France/IDF_HB_112002107630/2020|EPI_ISL_940538|2020-02-29,NON_GA,"[0.0, 1.0]"
NODE_0003192,NON_GA,"[0.008297808179678342, 0.9917021918203217]"
hCoV-19/France/ARA-09428/2020|EPI_ISL_418413|2020-03-15,NON_GA,"[0.0, 1.0]"
hCoV-19/Switzerland/BS-UHB-42198935/2020|EPI_ISL_528233|2020-03-19,NON_GA,"[0.0, 0.9999999999999999]"
NODE_0003189,NON_GA,"[0.00028322238343162555, 0.9997167776165683]"
hCoV-19/France/ARA-07639/2020|EPI_ISL_508872|2020-03-11,NON_GA,"[0.0, 1.0]"
hCoV-19/France/ARA-12877/2020|EPI_ISL_420617|2020-03-23,NON_GA,"[0.0, 1.0]"
NODE_0003187,NON_GA,"[0.004188840255291329, 0.9958111597447088]"
hCoV-19/Italy/LOM-UniMI-L348/2020|EPI_ISL_542286|2020-03-05,NON_GA,"[0.0, 0.9999999999999999]"
hCoV-19/Italy/LOM-UniMI-L354/2020|EPI_ISL_542289|2020-03-05,NON_GA,"[0.0, 0.9999999999999999]"
NODE_0003180,NON_GA,"[0.0073105799123663094, 0.9926894200876336]"
hCoV-19/France/ARA-14177/2020|EPI_ISL_678497|2020-03-25,NON_GA,"[0.0, 1.0]"
hCoV-19/France/ARA-16665/2020|EPI_ISL_508987|2020-03-30,NON_GA,"[0.0, 0.9999999999999999]"
NODE_0003178,NON_GA,"[0.003601312553690391, 0.9963986874463095]"
hCoV-19/France/IDF_HB_112003064497/2020|EPI_ISL_940438|2020-03-17,NON_GA,"[0.0, 1.0]"
hCoV-19/France/IDF_PSL_144/2020|EPI_ISL_1015332|2020-03-23,NON_GA,"[0.0, 1.0]"
NODE_0003341,NON_GA,"[0.007528921676225541, 0.9924710783237746]"
hCoV-19/Czech_Republic/FNHK-06801/2020|EPI_ISL_895810|2020-03-26,NON_GA,"[0.0, 0.9999999999999999]"
hCoV-19/Czech_Republic/FNHK-022/2020|EPI_ISL_895779|2020-03-16,NON_GA,"[0.0, 1.0]"
hCoV-19/Czech_Republic/FNHK-030/2020|EPI_ISL_895776|2020-03-17,NON_GA,"[0.0, 1.0]"
hCoV-19/Czech_Republic/FNHK-103/2020|EPI_ISL_895736|2020-03-28,NON_GA,"[0.0, 0.9999999999999999]"
NODE_0003328,NON_GA,"[0.001755468365450675, 0.9982445316345494]"
hCoV-19/USA/CA-CZB-1423/2020|EPI_ISL_468395|2020-03-20,NON_GA,"[0.0, 1.0]"
hCoV-19/USA/CA-CZB-1579/2020|EPI_ISL_468510|2020-03-18,NON_GA,"[0.0, 1.0]"
hCoV-19/Argentina/PAIS-D0042/2020|EPI_ISL_792484|2020-03-30,NON_GA,"[0.0, 1.0]"
NODE_0003331,NON_GA,"[0.0022422307332108774, 0.9977577692667892]"
hCoV-19/Chile/Santiago-PUC_MVL_0083/2020|EPI_ISL_801667|2020-03-30,NON_GA,"[0.0, 0.9999999999999999]"
hCoV-19/Chile/Santiago-PUC_MVL_0027/2020|EPI_ISL_801618|2020-03-25,NON_GA,"[0.0, 1.0]"
hCoV-19/Chile/Santiago-PUC_MVL_0075/2020|EPI_ISL_801659|2020-03-30,NON_GA,"[0.0, 0.9999999999999999]"
NODE_0003323,NON_GA,"[0.004679669912923037, 0.9953203300870769]"
hCoV-19/Netherlands/NH-RIVM-10180/2020|EPI_ISL_804393|2020-03-26,NON_GA,"[0.0, 1.0]"
hCoV-19/Germany/HH-hpi-p1691/2020|EPI_ISL_776100|2020-03-18,NON_GA,"[0.0, 1.0]"
hCoV-19/Netherlands/NA_268/2020|EPI_ISL_422579|2020-03-30,NON_GA,"[0.0, 0.9999999999999999]"
hCoV-19/Netherlands/GE-EMC-217/2020|EPI_ISL_523199|2020-03-05,NON_GA,"[0.0, 0.9999999999999999]"
hCoV-19/Germany/HH-hpi-p2027/2020|EPI_ISL_776329|2020-03-21,NON_GA,"[0.0, 1.0]"
hCoV-19/Netherlands/NA_174/2020|EPI_ISL_422709|2020-03-22,NON_GA,"[0.0, 1.0]"
NODE_0003345,NON_GA,"[3.4555635344486365e-07, 0.9999996544436465]"
hCoV-19/Finland/29M13S2/2020|EPI_ISL_1240179|2020-03-29,NON_GA,"[0.0, 1.0]"
hCoV-19/France/IDF_PSL_151/2020|EPI_ISL_1015247|2020-03-20,NON_GA,"[0.0, 1.0]"
hCoV-19/France/OCC-99/2020|EPI_ISL_671976|2020-03-24,NON_GA,"[0.0, 1.0]"
hCoV-19/USA/MD-HP00133/2020|EPI_ISL_457821|2020-03-30,NON_GA,"[0.0, 0.9999999999999999]"
hCoV-19/USA/FL-BPHL-0426/2020|EPI_ISL_495332|2020-03-21,NON_GA,"[0.0, 1.0]"
hCoV-19/USA/DE-DHSS-F918573/2020|EPI_ISL_566084|2020-03-19,NON_GA,"[0.0, 1.0]"
hCoV-19/Switzerland/BL-ETHZ-100363/2020|EPI_ISL_574903|2020-03-20,NON_GA,"[0.0, 1.0]"
hCoV-19/Lebanon/LB-LR10/2020|EPI_ISL_498554|2020-03-20,NON_GA,"[0.0, 1.0]"
hCoV-19/USA/IN-Lilly-IPB0173-05bc27/2020|EPI_ISL_911425|2020-03-24,NON_GA,"[0.0, 1.0]"
hCoV-19/France/IDF_HB_112003096879/2020|EPI_ISL_940517|2020-03-27,NON_GA,"[0.0, 1.0]"
hCoV-19/France/IDF_HB_112003066174/2020|EPI_ISL_940450|2020-03-18,NON_GA,"[0.0, 1.0]"
hCoV-19/France/HDF-2393/2020|EPI_ISL_418227|2020-03-12,NON_GA,"[0.0, 1.0]"
hCoV-19/Peru/LIM-INS-295/2020|EPI_ISL_1111193|2020-03-13,NON_GA,"[0.0, 1.0]"
hCoV-19/USA/MA-MGH-00441/2020|EPI_ISL_460428|2020-03-05,NON_GA,"[0.0, 1.0]"
hCoV-19/USA/NY-PV08435/2020|EPI_ISL_421390|2020-03-18,NON_GA,"[0.0, 1.0]"
hCoV-19/France/PAC-IHU-0231/2020|EPI_ISL_569394|2020-03-29,NON_GA,"[0.0, 1.0]"
hCoV-19/USA/MA-MGH-00136/2020|EPI_ISL_460364|2020-03-25,NON_GA,"[0.0, 0.9999999999999999]"
hCoV-19/France/HDF-8233/2020|EPI_ISL_560592|2020-03-23,NON_GA,"[0.0, 1.0]"
hCoV-19/USA/MA-QDX-1817/2020|EPI_ISL_604109|2020-03-17,NON_GA,"[0.0, 1.0]"
hCoV-19/France/GES-2843/2020|EPI_ISL_420045|2020-03-17,NON_GA,"[0.0, 1.0]"
hCoV-19/Canada/MB_37/2020|EPI_ISL_429818|2020-03-18,NON_GA,"[0.0, 1.0]"
hCoV-19/France/PAC-IHU-0215/2020|EPI_ISL_569380|2020-03-28,NON_GA,"[0.0, 1.0]"
hCoV-19/USA/MA-QDX-32/2020|EPI_ISL_467857|2020-03-14,NON_GA,"[0.0, 1.0]"
hCoV-19/Slovenia/5551/2020|EPI_ISL_635219|2020-03-10,NON_GA,"[0.0, 0.9999999999999999]"
hCoV-19/France/ARA-SC364/2020|EPI_ISL_645184|2020-03-08,NON_GA,"[0.0, 1.0]"
hCoV-19/USA/MA_3653/2020|EPI_ISL_424920|2020-03-06,NON_GA,"[0.0, 0.9999999999999999]"
hCoV-19/France/BRE-5465/2020|EPI_ISL_443283|2020-03-23,NON_GA,"[0.0, 1.0]"
hCoV-19/Sweden/20-50231/2020|EPI_ISL_430863|2020-03-09,NON_GA,"[0.0, 0.9999999999999999]"
hCoV-19/England/LEED-2A9DE2/2020|EPI_ISL_538773|2020-03-24,NON_GA,"[0.0, 1.0]"
hCoV-19/USA/MA-MGH-00160/2020|EPI_ISL_460394|2020-03-26,NON_GA,"[0.0, 1.0]"
hCoV-19/France/ARA-SC388/2020|EPI_ISL_645192|2020-03-20,NON_GA,"[0.0, 1.0]"
hCoV-19/France/IDF-1980/2020|EPI_ISL_414633|2020-03-04,NON_GA,"[0.0, 0.9999999999999999]"
hCoV-19/USA/MA-MGH-00419/2020|EPI_ISL_460300|2020-03-07,NON_GA,"[0.0, 1.0]"
hCoV-19/USA/MD-DFS-PHL-0019/2020|EPI_ISL_804851|2020-03-15,NON_GA,"[0.0, 0.9999999999999999]"
hCoV-19/Australia/SAP075/2020|EPI_ISL_451112|2020-03-31,NON_GA,"[0.0, 1.0]"
hCoV-19/France/IDF_PSL_82/2020|EPI_ISL_1015027|2020-03-22,NON_GA,"[0.0, 1.0]"
hCoV-19/USA/MA-MGH-00440/2020|EPI_ISL_460116|2020-03-04,NON_GA,"[0.0, 0.9999999999999999]"
hCoV-19/France/IDF_PSL_72/2020|EPI_ISL_1015225|2020-03-15,NON_GA,"[0.0, 0.9999999999999999]"
hCoV-19/USA/PA_1881/2020|EPI_ISL_424882|2020-03-05,NON_GA,"[0.0, 1.0]"
hCoV-19/France/IDF_HB_112003101119/2020|EPI_ISL_940212|2020-03-29,NON_GA,"[0.0, 1.0]"
hCoV-19/France/IDF_HB_112003069205/2020|EPI_ISL_940455|2020-03-19,NON_GA,"[0.0, 1.0]"
hCoV-19/USA/MA-MGH-00422/2020|EPI_ISL_460384|2020-03-07,NON_GA,"[0.0, 1.0]"
hCoV-19/France/IDF_PSL_73/2020|EPI_ISL_1015214|2020-03-06,NON_GA,"[0.0, 0.9999999999999999]"
hCoV-19/France/IDF_PSL_105/2020|EPI_ISL_1015012|2020-03-18,NON_GA,"[0.0, 1.0]"
hCoV-19/France/IDF_PSL_121/2020|EPI_ISL_1015224|2020-03-14,NON_GA,"[0.0, 1.0]"
hCoV-19/Canada/AB-72930/2020|EPI_ISL_805615|2020-03-20,NON_GA,"[0.0, 1.0]"
hCoV-19/Canada/ON-S955/2020|EPI_ISL_792091|2020-03-28,NON_GA,"[0.0, 1.0]"
hCoV-19/Belgium/DVBJ-030468/2020|EPI_ISL_420324|2020-03-04,NON_GA,"[0.0, 0.9999999999999999]"
hCoV-19/Slovenia/6051/2020|EPI_ISL_635226|2020-03-11,NON_GA,"[0.0, 1.0]"
hCoV-19/Croatia/52091_ID1647_8/2020|EPI_ISL_985433|2020-03-22,NON_GA,"[0.0, 1.0]"
hCoV-19/Slovenia/6456/2020|EPI_ISL_635230|2020-03-12,NON_GA,"[0.0, 1.0]"
hCoV-19/USA/VA-DCLS-0012/2020|EPI_ISL_419706|2020-03-10,NON_GA,"[0.0, 0.9999999999999999]"
NODE_0003437,NON_GA,"[0.000241320444016245, 0.9997586795559839]"
hCoV-19/France/IDF_PSL_8/2020|EPI_ISL_1015216|2020-03-08,NON_GA,"[0.0, 1.0]"
hCoV-19/Italy/TUS-UniSi11/2020|EPI_ISL_803892|2020-03-25,NON_GA,"[0.0, 1.0]"
NODE_0003422,NON_GA,"[0.005835245384623864, 0.994164754615376]"
hCoV-19/France/PAC-IHU-0178/2020|EPI_ISL_569351|2020-03-26,NON_GA,"[0.0, 1.0]"
hCoV-19/France/PAC-IHU-0401/2020|EPI_ISL_569490|2020-03-29,NON_GA,"[0.0, 1.0]"
NODE_0003428,NON_GA,"[0.00482261488933681, 0.9951773851106631]"
hCoV-19/USA/KY-KSPHL-100007/2020|EPI_ISL_965828|2020-03-26,NON_GA,"[0.0, 1.0]"
NODE_0003429,NON_GA,"[0.004345798731864164, 0.9956542012681359]"
hCoV-19/USA/VA-DCLS-0072/2020|EPI_ISL_429972|2020-03-28,NON_GA,"[0.0, 1.0]"
hCoV-19/USA/VA-DCLS-0076/2020|EPI_ISL_429975|2020-03-27,NON_GA,"[0.0, 1.0]"
NODE_0003433,NON_GA,"[0.000498049519729791, 0.9995019504802704]"
hCoV-19/France/IDF_HB_112003050508/2020|EPI_ISL_940392|2020-03-13,NON_GA,"[0.0, 1.0]"
hCoV-19/Germany/BY-ChVir-W1125-5729/2020|EPI_ISL_754031|2020-03-27,NON_GA,"[0.0, 1.0]"
NODE_0003435,NON_GA,"[0.000589850061680974, 0.999410149938319]"
hCoV-19/England/CAMB-75DA5/2020|EPI_ISL_438351|2020-03-29,NON_GA,"[0.0, 0.9999999999999999]"
hCoV-19/England/LOND-126041C/2020|EPI_ISL_524653|2020-03-16,NON_GA,"[0.0, 1.0]"
hCoV-19/Poland/PL_P7/2020|EPI_ISL_428930|2020-03-29,NON_GA,"[0.0, 0.9999999999999999]"
NODE_0003385,NON_GA,"[1.2695925290606191e-05, 0.9999873040747095]"
hCoV-19/USA/ME-HETL-J0063/2020|EPI_ISL_513474|2020-03-17,NON_GA,"[0.0, 1.0]"
hCoV-19/USA/NC_0024/2020|EPI_ISL_424872|2020-03-08,NON_GA,"[0.0, 1.0]"
hCoV-19/USA/MA-MGH-00054/2020|EPI_ISL_460143|2020-03-25,NON_GA,"[0.0, 0.9999999999999999]"
hCoV-19/Ireland/KE-20G31522/2020|EPI_ISL_848158|2020-03-17,NON_GA,"[0.0, 1.0]"
hCoV-19/USA/ME-HETL-J0028/2020|EPI_ISL_513440|2020-03-16,NON_GA,"[0.0, 1.0]"
hCoV-19/USA/MD-HP00029/2020|EPI_ISL_457752|2020-03-17,NON_GA,"[0.0, 1.0]"
hCoV-19/USA/MA-MGH-00683/2020|EPI_ISL_460146|2020-03-21,NON_GA,"[0.0, 1.0]"
hCoV-19/USA/MD-HP00155/2020|EPI_ISL_457784|2020-03-22,NON_GA,"[0.0, 1.0]"
hCoV-19/USA/MA-MGH-00166/2020|EPI_ISL_460290|2020-03-26,NON_GA,"[0.0, 0.9999999999999999]"
NODE_0003395,NON_GA,"[9.512932705239708e-10, 0.9999999990487067]"
hCoV-19/France/PAC-IHU-0189/2020|EPI_ISL_569357|2020-03-27,NON_GA,"[0.0, 1.0]"
hCoV-19/France/ARA-1125/2020|EPI_ISL_509002|2020-03-19,NON_GA,"[0.0, 1.0]"
hCoV-19/France/PAC-IHU-0053/2020|EPI_ISL_569272|2020-03-19,NON_GA,"[0.0, 1.0]"
hCoV-19/France/PAC-IHU-0388/2020|EPI_ISL_569483|2020-03-28,NON_GA,"[0.0, 1.0]"
hCoV-19/France/IDF_HB_112003065861/2020|EPI_ISL_940449|2020-03-18,NON_GA,"[0.0, 1.0]"
hCoV-19/France/IDF_HB_112003050136/2020|EPI_ISL_940384|2020-03-13,NON_GA,"[0.0, 1.0]"
hCoV-19/France/PAC-IHU-0109/2020|EPI_ISL_569314|2020-03-23,NON_GA,"[0.0, 1.0]"
hCoV-19/France/IDF-4432/2020|EPI_ISL_443317|2020-03-23,NON_GA,"[0.0, 1.0]"
hCoV-19/France/PAC-IHU-0206/2020|EPI_ISL_569372|2020-03-28,NON_GA,"[0.0, 1.0]"
hCoV-19/Portugal/PT0757/2020|EPI_ISL_511016|2020-03-23,NON_GA,"[0.0, 1.0]"
hCoV-19/Norway/2358/2020|EPI_ISL_590918|2020-03-30,NON_GA,"[0.0, 1.0]"
hCoV-19/France/PAC-IHU-0108/2020|EPI_ISL_569313|2020-03-23,NON_GA,"[0.0, 1.0]"
hCoV-19/France/IDF_PSL_75/2020|EPI_ISL_1015331|2020-03-21,NON_GA,"[0.0, 0.9999999999999999]"
hCoV-19/France/IDF-2410/2020|EPI_ISL_418229|2020-03-12,NON_GA,"[0.0, 1.0]"
hCoV-19/France/PAC-IHU-0262/2020|EPI_ISL_569419|2020-03-31,NON_GA,"[0.0, 1.0]"
hCoV-19/France/PAC-IHU-0106/2020|EPI_ISL_569311|2020-03-23,NON_GA,"[0.0, 1.0]"
hCoV-19/France/PAC-IHU-0122/2020|EPI_ISL_569321|2020-03-24,NON_GA,"[0.0, 0.9999999999999999]"
hCoV-19/France/PAC-IHU-0246/2020|EPI_ISL_569406|2020-03-30,NON_GA,"[0.0, 1.0]"
hCoV-19/France/IDF_HB_112003047812/2020|EPI_ISL_940375|2020-03-12,NON_GA,"[0.0, 1.0]"
hCoV-19/France/IDF_HB_112003052315/2020|EPI_ISL_940401|2020-03-13,NON_GA,"[0.0, 1.0]"
hCoV-19/France/IDF_HB_112003053405/2020|EPI_ISL_940414|2020-03-14,NON_GA,"[0.0, 0.9999999999999999]"
hCoV-19/France/IDF_PSL_100/2020|EPI_ISL_1015098|2020-03-22,NON_GA,"[0.0, 1.0]"
hCoV-19/France/PAC-IHU-0258/2020|EPI_ISL_569416|2020-03-30,NON_GA,"[0.0, 1.0]"
hCoV-19/France/PAC-IHU-0303/2020|EPI_ISL_569444|2020-03-31,NON_GA,"[0.0, 1.0]"
hCoV-19/France/PAC-IHU-0196/2020|EPI_ISL_569363|2020-03-27,NON_GA,"[0.0, 1.0]"
NODE_0003420,NON_GA,"[0.001263536996219551, 0.9987364630037805]"
hCoV-19/France/IDF_PSL_52/2020|EPI_ISL_1015097|2020-03-21,NON_GA,"[0.0, 0.9999999999999999]"
hCoV-19/France/IDF_PSL_44/2020|EPI_ISL_1015109|2020-03-28,NON_GA,"[0.0, 0.9999999999999999]"
NODE_0003196,NON_GA,"[0.0024929159769175096, 0.9975070840230824]"
hCoV-19/USA/MI-MDHHS-SC21540/2020|EPI_ISL_516267|2020-03-13,NON_GA,"[0.0, 1.0]"
hCoV-19/Colombia/BOY-GUR-0210/2020|EPI_ISL_447741|2020-03-28,NON_GA,"[0.0, 1.0]"
hCoV-19/USA/NY-NYUMC793/2020|EPI_ISL_456029|2020-03-26,NON_GA,"[0.0, 1.0]"
hCoV-19/Spain/RI-IBV-98002323/2020|EPI_ISL_537842|2020-03-21,NON_GA,"[0.0, 1.0]"
hCoV-19/Spain/AN-IBV-001877/2020|EPI_ISL_452468|2020-03-10,NON_GA,"[0.0, 1.0]"
hCoV-19/USA/WI-WSLH-200261/2020|EPI_ISL_578471|2020-03-17,NON_GA,"[0.0, 1.0]"
hCoV-19/USA/CA-CZB-1198/2020|EPI_ISL_450447|2020-03-28,NON_GA,"[0.0, 1.0]"
hCoV-19/USA/MI-MDHHS-SC20335/2020|EPI_ISL_450614|2020-03-20,NON_GA,"[0.0, 1.0]"
hCoV-19/USA/CA-QDX-1544/2020|EPI_ISL_603792|2020-03-18,NON_GA,"[0.0, 1.0]"
hCoV-19/USA/WA-UW-1593/2020|EPI_ISL_423002|2020-03-19,NON_GA,"[0.0, 1.0]"
hCoV-19/USA/IL-NM017/2020|EPI_ISL_444527|2020-03-15,NON_GA,"[0.0, 1.0]"
hCoV-19/France/NAQ-SC583/2020|EPI_ISL_663234|2020-03-09,NON_GA,"[0.0, 1.0]"
hCoV-19/USA/UT-QDX-2117/2020|EPI_ISL_604493|2020-03-11,NON_GA,"[0.0, 1.0]"
hCoV-19/USA/WA-UW-1792/2020|EPI_ISL_424253|2020-03-21,NON_GA,"[0.0, 1.0]"
hCoV-19/USA/NY-WCMP9G04P/2020|EPI_ISL_427552|2020-03-14,NON_GA,"[0.0, 1.0]"
hCoV-19/USA/VA-DCLS-0566/2020|EPI_ISL_485865|2020-03-18,NON_GA,"[0.0, 1.0]"
hCoV-19/USA/NY-WCMP10F04P/2020|EPI_ISL_427572|2020-03-15,NON_GA,"[0.0, 1.0]"
hCoV-19/USA/NY-NYUMC714/2020|EPI_ISL_451429|2020-03-22,NON_GA,"[0.0, 0.9999999999999999]"
hCoV-19/France/IDF_PSL_81/2020|EPI_ISL_1015062|2020-03-16,NON_GA,"[0.0, 1.0]"
hCoV-19/USA/CA-ALSR-1651/2020|EPI_ISL_494716|2020-03-25,NON_GA,"[0.0, 1.0]"
hCoV-19/France/OCC-SC494/2020|EPI_ISL_660689|2020-03-26,NON_GA,"[0.0, 1.0]"
hCoV-19/USA/CA-QDX-2375/2020|EPI_ISL_604659|2020-03-17,NON_GA,"[0.0, 1.0]"
hCoV-19/USA/PA-MGSC38-05/2020|EPI_ISL_436486|2020-03-26,NON_GA,"[0.0, 1.0]"
hCoV-19/USA/NY-Wadsworth-14427-04/2020|EPI_ISL_676735|2020-03-08,NON_GA,"[0.0, 1.0]"
hCoV-19/USA/OR-PROV-230/2020|EPI_ISL_482465|2020-03-25,NON_GA,"[0.0, 1.0]"
hCoV-19/USA/CA-ALSR-1456/2020|EPI_ISL_494615|2020-03-27,NON_GA,"[0.0, 0.9999999999999999]"
hCoV-19/USA/NY-QDX-842/2020|EPI_ISL_571653|2020-03-17,NON_GA,"[0.0, 1.0]"
hCoV-19/USA/OH-QDX-1501/2020|EPI_ISL_603843|2020-03-17,NON_GA,"[0.0, 1.0]"
hCoV-19/USA/NJ-QDX-141/2020|EPI_ISL_467877|2020-03-15,NON_GA,"[0.0, 1.0]"
hCoV-19/USA/OH-ODH-SC22107/2020|EPI_ISL_940754|2020-03-26,NON_GA,"[0.0, 1.0]"
hCoV-19/Israel/CVL-n-6118/2020|EPI_ISL_474988|2020-03-15,NON_GA,"[0.0, 1.0]"
hCoV-19/USA/NY-Wadsworth-13978-01/2020|EPI_ISL_525608|2020-03-12,NON_GA,"[0.0, 1.0]"
hCoV-19/USA/CA-QDX-153/2020|EPI_ISL_467815|2020-03-16,NON_GA,"[0.0, 1.0]"
hCoV-19/USA/MN-MDH-1476/2020|EPI_ISL_518870|2020-03-27,NON_GA,"[0.0, 0.9999999999999999]"
hCoV-19/USA/UT-QDX-77/2020|EPI_ISL_467924|2020-03-13,NON_GA,"[0.0, 1.0]"
hCoV-19/USA/CA-QDX-1524/2020|EPI_ISL_603777|2020-03-17,NON_GA,"[0.0, 1.0]"
hCoV-19/USA/RI-CDC-KCPT-3780/2020|EPI_ISL_812202|2020-03-09,NON_GA,"[0.0, 1.0]"
hCoV-19/USA/MN-MDH-1426/2020|EPI_ISL_514645|2020-03-25,NON_GA,"[0.0, 1.0]"
hCoV-19/USA/WI-UW-52/2020|EPI_ISL_421310|2020-03-18,NON_GA,"[0.0, 1.0]"
hCoV-19/USA/PA-CDC-8397/2020|EPI_ISL_576170|2020-03-12,NON_GA,"[0.0, 1.0]"
hCoV-19/USA/NY-NYCPHL-000810/2020|EPI_ISL_632189|2020-03-24,NON_GA,"[0.0, 1.0]"
hCoV-19/USA/MA-MGH-00023/2020|EPI_ISL_460149|2020-03-24,NON_GA,"[0.0, 1.0]"
hCoV-19/USA/CT-UW-2441/2020|EPI_ISL_485919|2020-03-28,NON_GA,"[0.0, 1.0]"
hCoV-19/USA/SC-DHEC-1196/2020|EPI_ISL_539879|2020-03-11,NON_GA,"[0.0, 1.0]"
hCoV-19/USA/CA-QDX-1409/2020|EPI_ISL_572061|2020-03-18,NON_GA,"[0.0, 1.0]"
hCoV-19/USA/NY-NYUMC3/2020|EPI_ISL_416831|2020-03-16,NON_GA,"[0.0, 1.0]"
hCoV-19/USA/NY-QDX-1940/2020|EPI_ISL_604262|2020-03-15,NON_GA,"[0.0, 1.0]"
hCoV-19/USA/WI-UW-12/2020|EPI_ISL_417506|2020-03-16,NON_GA,"[0.0, 1.0]"
hCoV-19/USA/NY-NYUMC756/2020|EPI_ISL_451470|2020-03-20,NON_GA,"[0.0, 1.0]"
hCoV-19/USA/NY-QDX-100/2020|EPI_ISL_468576|2020-03-12,NON_GA,"[0.0, 1.0]"
hCoV-19/USA/OH-QDX-1190/2020|EPI_ISL_572032|2020-03-16,NON_GA,"[0.0, 1.0]"
hCoV-19/Egypt/CPHL-NRC-22/2020|EPI_ISL_794603|2020-03-13,NON_GA,"[0.0, 1.0]"
hCoV-19/Turkey/HSGM-1452/2020|EPI_ISL_437330|2020-03-19,NON_GA,"[0.0, 1.0]"
hCoV-19/Israel/2047772/2020|EPI_ISL_447385|2020-03-30,NON_GA,"[0.0, 1.0]"
hCoV-19/USA/FL-CDC-2316/2020|EPI_ISL_452132|2020-03-09,NON_GA,"[0.0, 1.0]"
hCoV-19/USA/CA-QDX-662/2020|EPI_ISL_571285|2020-03-24,NON_GA,"[0.0, 1.0]"
hCoV-19/USA/MI-MDHHS-SC21112/2020|EPI_ISL_507888|2020-03-27,NON_GA,"[0.0, 0.9999999999999999]"
hCoV-19/USA/WA-UW-3989/2020|EPI_ISL_427229|2020-03-28,NON_GA,"[0.0, 1.0]"
hCoV-19/USA/NY-PV09090/2020|EPI_ISL_421629|2020-03-19,NON_GA,"[0.0, 1.0]"
hCoV-19/USA/NY-NYCPHL-000875/2020|EPI_ISL_632947|2020-03-26,NON_GA,"[0.0, 1.0]"
hCoV-19/France/NAQ-SC577/2020|EPI_ISL_663228|2020-03-07,NON_GA,"[0.0, 1.0]"
hCoV-19/USA/MA-MGH-00597/2020|EPI_ISL_460279|2020-03-28,NON_GA,"[0.0, 1.0]"
hCoV-19/Canada/MB-NML-651/2020|EPI_ISL_632930|2020-03-13,NON_GA,"[0.0, 1.0]"
hCoV-19/USA/WI-WSLH-200144/2020|EPI_ISL_578371|2020-03-11,NON_GA,"[0.0, 1.0]"
hCoV-19/India/TG-GMC-KP1125/2020|EPI_ISL_437626|2020-03-24,NON_GA,"[0.0, 1.0]"
hCoV-19/Colombia/BOL-INS-84730/2020|EPI_ISL_497738|2020-03-22,NON_GA,"[0.0, 0.9999999999999999]"
hCoV-19/USA/NJ-QDX-1221/2020|EPI_ISL_571977|2020-03-16,NON_GA,"[0.0, 1.0]"
hCoV-19/Serbia/Pancevo-007910104/2020|EPI_ISL_676576|2020-03-31,NON_GA,"[0.0, 1.0]"
hCoV-19/USA/CA-QDX-2096/2020|EPI_ISL_604406|2020-03-18,NON_GA,"[0.0, 1.0]"
hCoV-19/Germany/HH-hpi-p1747/2020|EPI_ISL_776124|2020-03-14,NON_GA,"[0.0, 1.0]"
hCoV-19/Egypt/C-CEIRS-19_MOH/2020|EPI_ISL_605780|2020-03-13,NON_GA,"[0.0, 1.0]"
hCoV-19/USA/NY-NYCPHL-000036/2020|EPI_ISL_631531|2020-03-09,NON_GA,"[0.0, 1.0]"
hCoV-19/USA/MI-QDX-930/2020|EPI_ISL_571634|2020-03-22,NON_GA,"[0.0, 0.9999999999999999]"
hCoV-19/USA/NY-NYUMC737/2020|EPI_ISL_451452|2020-03-21,NON_GA,"[0.0, 1.0]"
hCoV-19/USA/WI-WSLH-200091/2020|EPI_ISL_471255|2020-03-21,NON_GA,"[0.0, 1.0]"
hCoV-19/USA/KY-KSPHL-100022/2020|EPI_ISL_966356|2020-03-29,NON_GA,"[0.0, 1.0]"
|GA-EHC-119P,GA,"[1.0, 0.0]"
hCoV-19/USA/NY-AECOM_088/2020|EPI_ISL_826644|2020-03-27,NON_GA,"[0.0, 0.9999999999999999]"
hCoV-19/USA/PA_2734/2020|EPI_ISL_426432|2020-03-07,NON_GA,"[0.0, 1.0]"
hCoV-19/USA/CA-CZB030/2020|EPI_ISL_429017|2020-03-25,NON_GA,"[0.0, 1.0]"
hCoV-19/USA/NY-NYCPHL-000401/2020|EPI_ISL_631885|2020-03-23,NON_GA,"[0.0, 1.0]"
hCoV-19/Canada/QC-JUS-V5301580/2020|EPI_ISL_890810|2020-03-27,NON_GA,"[0.0, 0.9999999999999999]"
hCoV-19/USA/OH-ODH-SC21663/2020|EPI_ISL_935031|2020-03-20,NON_GA,"[0.0, 1.0]"
hCoV-19/Egypt/CPHL-NRC-21/2020|EPI_ISL_794604|2020-03-13,NON_GA,"[0.0, 1.0]"
|GA-EHC-050X,GA,"[1.0, 0.0]"
hCoV-19/USA/NY-NYCPHL-000768/2020|EPI_ISL_632148|2020-03-19,NON_GA,"[0.0, 1.0]"
hCoV-19/Israel/n14269/2020|EPI_ISL_483704|2020-03-17,NON_GA,"[0.0, 1.0]"
hCoV-19/USA/CT-CDC-MKY9-1295/2020|EPI_ISL_812141|2020-03-26,NON_GA,"[0.0, 1.0]"
hCoV-19/USA/GA-QDX-1762/2020|EPI_ISL_604026|2020-03-16,GA,"[1.0, 0.0]"
hCoV-19/USA/CA-QDX-1430/2020|EPI_ISL_572082|2020-03-18,NON_GA,"[0.0, 1.0]"
hCoV-19/USA/NY-NYUMC81/2020|EPI_ISL_421582|2020-03-18,NON_GA,"[0.0, 1.0]"
hCoV-19/USA/FL-BPHL-0687/2020|EPI_ISL_509745|2020-03-26,NON_GA,"[0.0, 1.0]"
hCoV-19/USA/MN-MDH-1505/2020|EPI_ISL_518898|2020-03-25,NON_GA,"[0.0, 1.0]"
NODE_0003255,NON_GA,"[0.006099394482620103, 0.99390060551738]"
hCoV-19/USA/MA-MGH-00016/2020|EPI_ISL_460101|2020-03-25,NON_GA,"[0.0, 1.0]"
hCoV-19/USA/MA-MGH-00050/2020|EPI_ISL_460104|2020-03-24,NON_GA,"[0.0, 1.0]"
NODE_0003248,NON_GA,"[0.0025964589693248555, 0.9974035410306751]"
hCoV-19/England/LOND-126033D/2020|EPI_ISL_524651|2020-03-15,NON_GA,"[0.0, 0.9999999999999999]"
hCoV-19/Germany/HH-hpi-p1900/2020|EPI_ISL_776239|2020-03-24,NON_GA,"[0.0, 0.9999999999999999]"
NODE_0003263,NON_GA,"[0.006458139595693776, 0.9935418604043063]"
hCoV-19/USA/FL-BPHL-0678/2020|EPI_ISL_509736|2020-03-17,NON_GA,"[0.0, 1.0]"
hCoV-19/USA/NY-QDX-1181/2020|EPI_ISL_571991|2020-03-14,NON_GA,"[0.0, 0.9999999999999999]"
hCoV-19/USA/PA-MGEL76/2020|EPI_ISL_454362|2020-03-30,NON_GA,"[0.0, 1.0]"
hCoV-19/USA/TX-QDX-666/2020|EPI_ISL_571480|2020-03-18,NON_GA,"[0.0, 0.9999999999999999]"
NODE_0003267,NON_GA,"[0.0070912349653603395, 0.9929087650346398]"
hCoV-19/Norway/Trondheim-S12/2020|EPI_ISL_450349|2020-03-29,NON_GA,"[0.0, 1.0]"
hCoV-19/Norway/Trondheim-S15/2020|EPI_ISL_450350|2020-03-28,NON_GA,"[0.0, 1.0]"
NODE_0003239,NON_GA,"[0.0072411446351525405, 0.9927588553648474]"
hCoV-19/Spain/MD-IBV-005286/2020|EPI_ISL_510172|2020-03-15,NON_GA,"[0.0, 1.0]"
NODE_0003240,NON_GA,"[0.0017366854622227583, 0.9982633145377773]"
hCoV-19/Turkey/Istanbul-BezmCoV1/2020|EPI_ISL_457824|2020-03-24,NON_GA,"[0.0, 1.0]"
hCoV-19/Turkey/HSGM-7718/2020|EPI_ISL_428719|2020-03-21,NON_GA,"[0.0, 1.0]"
NODE_0003242,NON_GA,"[0.0011098748664254432, 0.9988901251335746]"
hCoV-19/Turkey/KOC-IST-B288/2020|EPI_ISL_613461|2020-03-26,NON_GA,"[0.0, 1.0]"
hCoV-19/Turkey/HSGM-674/2020|EPI_ISL_437304|2020-03-26,NON_GA,"[0.0, 1.0]"
hCoV-19/Turkey/KOC-IST-B303/2020|EPI_ISL_478669|2020-03-27,NON_GA,"[0.0, 1.0]"
hCoV-19/Belgium/ULG-9732/2020|EPI_ISL_418660|2020-03-22,NON_GA,"[0.0, 1.0]"
hCoV-19/Palestine/24/2020|EPI_ISL_596511|2020-03-22,NON_GA,"[0.0, 1.0]"
hCoV-19/Belgium/ULG-10011/2020|EPI_ISL_421189|2020-03-30,NON_GA,"[0.0, 1.0]"
hCoV-19/Netherlands/NA_271/2020|EPI_ISL_422582|2020-03-30,NON_GA,"[0.0, 1.0]"
NODE_0003221,NON_GA,"[0.00263958605908448, 0.9973604139409155]"
hCoV-19/Turkey/HSGM-4505/2020|EPI_ISL_429867|2020-03-17,NON_GA,"[0.0, 1.0]"
hCoV-19/Turkey/HSGM-5769/2020|EPI_ISL_428717|2020-03-19,NON_GA,"[0.0, 1.0]"
hCoV-19/Turkey/HSGM-8001/2020|EPI_ISL_428720|2020-03-21,NON_GA,"[0.0, 1.0]"
hCoV-19/Saudi_Arabia/KAUST-Madinah55/2020|EPI_ISL_437494|2020-03-26,NON_GA,"[0.0, 1.0]"
hCoV-19/Saudi_Arabia/KAUST-Madinah49/2020|EPI_ISL_437489|2020-03-26,NON_GA,"[0.0, 1.0]"
hCoV-19/Saudi_Arabia/KFSHRC43/2020|EPI_ISL_507036|2020-03-27,NON_GA,"[0.0, 1.0]"
hCoV-19/Saudi_Arabia/KAUST-Madinah44/2020|EPI_ISL_437473|2020-03-29,NON_GA,"[0.0, 1.0]"
NODE_0003226,NON_GA,"[0.0021327862332607512, 0.9978672137667393]"
hCoV-19/Finland/14M26/2020|EPI_ISL_418406|2020-03-14,NON_GA,"[0.0, 1.0]"
hCoV-19/Scotland/GCVR-1713A6/2020|EPI_ISL_459535|2020-03-26,NON_GA,"[0.0, 1.0]"
NODE_0003232,NON_GA,"[0.0035165203369713215, 0.9964834796630286]"
hCoV-19/Turkey/HSGM-5624/2020|EPI_ISL_428715|2020-03-18,NON_GA,"[0.0, 1.0]"
hCoV-19/Turkey/HSGM-8003/2020|EPI_ISL_428721|2020-03-21,NON_GA,"[0.0, 1.0]"
NODE_0003229,NON_GA,"[0.003630989236976884, 0.9963690107630231]"
hCoV-19/Saudi_Arabia/545/2020|EPI_ISL_490001|2020-02-13,NON_GA,"[0.0, 1.0]"
NODE_0003230,NON_GA,"[0.004126926139081788, 0.9958730738609183]"
hCoV-19/Turkey/HSGM-1081/2020|EPI_ISL_437310|2020-03-27,NON_GA,"[0.0, 1.0]"
hCoV-19/Turkey/HSGM-8968/2020|EPI_ISL_429861|2020-03-22,NON_GA,"[0.0, 0.9999999999999999]"
hCoV-19/Turkey/HSGM-8975/2020|EPI_ISL_429863|2020-03-22,NON_GA,"[0.0, 0.9999999999999999]"
NODE_0001940,NON_GA,"[6.697342242333441e-06, 0.9999933026577575]"
hCoV-19/USA/NY-NYU-VC-017/2020|EPI_ISL_479671|2020-03-25,NON_GA,"[0.0, 0.9999999999999999]"
hCoV-19/USA/DE-DHSS-F918384/2020|EPI_ISL_593952|2020-03-30,NON_GA,"[0.0, 1.0]"
hCoV-19/USA/IL-NM056/2020|EPI_ISL_444552|2020-03-18,NON_GA,"[0.0, 0.9999999999999999]"
hCoV-19/USA/CT-QDX-429/2020|EPI_ISL_571181|2020-03-17,NON_GA,"[0.0, 1.0]"
hCoV-19/USA/CO-QDX-1529/2020|EPI_ISL_603804|2020-03-17,NON_GA,"[0.0, 1.0]"
hCoV-19/Germany/HH-hpi-p1497/2020|EPI_ISL_776003|2020-03-14,NON_GA,"[0.0, 1.0]"
hCoV-19/USA/FL-BPHL-0692/2020|EPI_ISL_509750|2020-03-23,NON_GA,"[0.0, 1.0]"
hCoV-19/USA/MI-MDHHS-SC21106/2020|EPI_ISL_507882|2020-03-24,NON_GA,"[0.0, 1.0]"
hCoV-19/Germany/BY-MVP-0029/2020|EPI_ISL_437228|2020-03-11,NON_GA,"[0.0, 1.0]"
hCoV-19/USA/IN-Lilly-IPB0173-02bc01/2020|EPI_ISL_902970|2020-03-21,NON_GA,"[0.0, 0.9999999999999999]"
hCoV-19/USA/MI-QDX-371/2020|EPI_ISL_571114|2020-03-23,NON_GA,"[0.0, 1.0]"
hCoV-19/Germany/BY-MVP-0053/2020|EPI_ISL_437252|2020-03-16,NON_GA,"[0.0, 1.0]"
hCoV-19/Germany/HH-hpi-p1537/2020|EPI_ISL_776031|2020-03-15,NON_GA,"[0.0, 0.9999999999999999]"
hCoV-19/USA/FL-TGH-0056/2020|EPI_ISL_1379465|2020-03-22,NON_GA,"[0.0, 1.0]"
hCoV-19/USA/NY-Wadsworth-18758-01/2020|EPI_ISL_676745|2020-03-16,NON_GA,"[0.0, 1.0]"
hCoV-19/Germany/HH-hpi-p1770/2020|EPI_ISL_776144|2020-03-19,NON_GA,"[0.0, 1.0]"
hCoV-19/Germany/HH-hpi-p1975/2020|EPI_ISL_776296|2020-03-26,NON_GA,"[0.0, 1.0]"
hCoV-19/Germany/HH-hpi-p2144/2020|EPI_ISL_776376|2020-03-27,NON_GA,"[0.0, 1.0]"
hCoV-19/Israel/CVL-n-6110/2020|EPI_ISL_475001|2020-03-15,NON_GA,"[0.0, 0.9999999999999999]"
hCoV-19/USA/HI-H200034/2020|EPI_ISL_752619|2020-03-23,NON_GA,"[0.0, 1.0]"
hCoV-19/USA/MI-MDHHS-SC20063/2020|EPI_ISL_437150|2020-03-20,NON_GA,"[0.0, 1.0]"
hCoV-19/France/ARA-SC098/2020|EPI_ISL_666684|2020-03-16,NON_GA,"[0.0, 1.0]"
hCoV-19/Canada/QC-JUS-V5281581/2020|EPI_ISL_890753|2020-03-28,NON_GA,"[0.0, 1.0]"
hCoV-19/Germany/NW-UBI-47/2020|EPI_ISL_632311|2020-03-12,NON_GA,"[0.0, 0.9999999999999999]"
hCoV-19/Spain/CT-IBV-003727/2020|EPI_ISL_480961|2020-03-31,NON_GA,"[0.0, 1.0]"
hCoV-19/USA/MI-MDHHS-SC21465/2020|EPI_ISL_507719|2020-03-14,NON_GA,"[0.0, 1.0]"
hCoV-19/USA/WA-UW-1574/2020|EPI_ISL_423019|2020-03-19,NON_GA,"[0.0, 1.0]"
hCoV-19/USA/MI-MDHHS-SC21569/2020|EPI_ISL_516296|2020-03-21,NON_GA,"[0.0, 0.9999999999999999]"
hCoV-19/USA/CO-QDX-877/2020|EPI_ISL_571592|2020-03-16,NON_GA,"[0.0, 1.0]"
hCoV-19/USA/MI-MDHHS-SC20309/2020|EPI_ISL_447106|2020-03-13,NON_GA,"[0.0, 0.9999999999999999]"
hCoV-19/France/IDF_PSL_228/2020|EPI_ISL_1015075|2020-03-19,NON_GA,"[0.0, 1.0]"
hCoV-19/England/LOND-124CDB1/2020|EPI_ISL_507043|2020-03-28,NON_GA,"[0.0, 1.0]"
hCoV-19/France/PAC-IHU-0030/2020|EPI_ISL_569256|2020-03-17,NON_GA,"[0.0, 1.0]"
hCoV-19/Germany/BAV-PL-virotum_w0y6/2020|EPI_ISL_887352|2020-03-27,NON_GA,"[0.0, 1.0]"
hCoV-19/Germany/HB-ChVir2101/2020|EPI_ISL_729503|2020-03-11,NON_GA,"[0.0, 1.0]"
hCoV-19/Australia/NSW2231/2020|EPI_ISL_500678|2020-03-19,NON_GA,"[0.0, 1.0]"
hCoV-19/Scotland/GCVR-1710AF/2020|EPI_ISL_459689|2020-03-26,NON_GA,"[0.0, 1.0]"
hCoV-19/USA/NY-NYCPHL-000042/2020|EPI_ISL_631537|2020-03-08,NON_GA,"[0.0, 1.0]"
hCoV-19/Iceland/291/2020|EPI_ISL_417620|2020-03-18,NON_GA,"[0.0, 0.9999999999999999]"
hCoV-19/Germany/HH-hpi-p1753/2020|EPI_ISL_776128|2020-03-14,NON_GA,"[0.0, 1.0]"
hCoV-19/Canada/AB-26007/2020|EPI_ISL_805869|2020-03-22,NON_GA,"[0.0, 1.0]"
hCoV-19/USA/MI-MDHHS-SC21450/2020|EPI_ISL_507704|2020-03-22,NON_GA,"[0.0, 1.0]"
hCoV-19/USA/MI-MDHHS-SC21432/2020|EPI_ISL_507686|2020-03-25,NON_GA,"[0.0, 0.9999999999999999]"
hCoV-19/Switzerland/BS-ETHZ-100063/2020|EPI_ISL_466985|2020-03-12,NON_GA,"[0.0, 0.9999999999999999]"
hCoV-19/Germany/BY-MVP-0124/2020|EPI_ISL_451941|2020-03-23,NON_GA,"[0.0, 1.0]"
hCoV-19/Austria/CeMM0928/2020|EPI_ISL_583780|2020-03-19,NON_GA,"[0.0, 1.0]"
hCoV-19/USA/NM-QDX-2538/2020|EPI_ISL_604793|2020-03-13,NON_GA,"[0.0, 0.9999999999999999]"
hCoV-19/France/ARA-12638/2020|EPI_ISL_508952|2020-03-23,NON_GA,"[0.0, 1.0]"
hCoV-19/USA/UN-UW-659/2020|EPI_ISL_476919|2020-03-12,NON_GA,"[0.0, 0.9999999999999999]"
hCoV-19/USA/VA-DCLS-0592/2020|EPI_ISL_526812|2020-03-28,NON_GA,"[0.0, 1.0]"
hCoV-19/France/ARA-15834/2020|EPI_ISL_678500|2020-03-28,NON_GA,"[0.0, 1.0]"
hCoV-19/USA/TX-HMH0351/2020|EPI_ISL_434945|2020-03-27,NON_GA,"[0.0, 1.0]"
hCoV-19/USA/WY-WYPHL-00043/2020|EPI_ISL_462935|2020-03-25,NON_GA,"[0.0, 0.9999999999999999]"
hCoV-19/France/IDF_HB_112003064601/2020|EPI_ISL_940441|2020-03-17,NON_GA,"[0.0, 1.0]"
hCoV-19/Austria/CeMM0035/2020|EPI_ISL_437924|2020-03-07,NON_GA,"[0.0, 1.0]"
hCoV-19/USA/MI-UM-10033810376/2020|EPI_ISL_578127|2020-03-30,NON_GA,"[0.0, 1.0]"
hCoV-19/USA/MI-MDHHS-SC21558/2020|EPI_ISL_516285|2020-03-19,NON_GA,"[0.0, 1.0]"
hCoV-19/USA/MN-MDH-143/2020|EPI_ISL_427282|2020-03-22,NON_GA,"[0.0, 1.0]"
hCoV-19/Canada/QC-JUS-V5301970/2020|EPI_ISL_889875|2020-03-30,NON_GA,"[0.0, 1.0]"
hCoV-19/USA/NY-WCMP10B12P/2020|EPI_ISL_427561|2020-03-15,NON_GA,"[0.0, 0.9999999999999999]"
hCoV-19/USA/NY-Wadsworth-11171-01/2020|EPI_ISL_525579|2020-03-06,NON_GA,"[0.0, 1.0]"
hCoV-19/USA/NY-NYCPHL-000061/2020|EPI_ISL_631555|2020-03-16,NON_GA,"[0.0, 1.0]"
hCoV-19/Switzerland/BE-UNIBE-150-5479/2020|EPI_ISL_574791|2020-03-08,NON_GA,"[0.0, 1.0]"
hCoV-19/Austria/CeMM0135/2020|EPI_ISL_437988|2020-03-13,NON_GA,"[0.0, 0.9999999999999999]"
hCoV-19/Germany/BAV-PL-virotum_aloq/2020|EPI_ISL_887339|2020-03-27,NON_GA,"[0.0, 1.0]"
hCoV-19/USA/CT-UW-2435/2020|EPI_ISL_477673|2020-03-28,NON_GA,"[0.0, 1.0]"
hCoV-19/USA/NY-NYCPHL-000279/2020|EPI_ISL_631805|2020-03-20,NON_GA,"[0.0, 1.0]"
hCoV-19/USA/PA-MGEL-00324/2020|EPI_ISL_681999|2020-03-18,NON_GA,"[0.0, 0.9999999999999999]"
hCoV-19/Austria/CeMM0127/2020|EPI_ISL_437983|2020-03-11,NON_GA,"[0.0, 1.0]"
hCoV-19/Germany/SH-ChVir3210/2020|EPI_ISL_729465|2020-03-22,NON_GA,"[0.0, 1.0]"
hCoV-19/USA/MI-MDHHS-SC20045/2020|EPI_ISL_437132|2020-03-19,NON_GA,"[0.0, 1.0]"
hCoV-19/Canada/Qc-LSPQ-L00216909/2020|EPI_ISL_535753|2020-03-13,NON_GA,"[0.0, 0.9999999999999999]"
hCoV-19/USA/VA-DCLS-0059/2020|EPI_ISL_426467|2020-03-31,NON_GA,"[0.0, 1.0]"
hCoV-19/Belgium/UGent-85/2020|EPI_ISL_468733|2020-03-11,NON_GA,"[0.0, 1.0]"
|GA-EHC-118O,GA,"[1.0, 0.0]"
hCoV-19/France/PAC-IHU-0050/2020|EPI_ISL_569270|2020-03-18,NON_GA,"[0.0, 0.9999999999999999]"
hCoV-19/Austria/CeMM0581/2020|EPI_ISL_475928|2020-03-14,NON_GA,"[0.0, 1.0]"
hCoV-19/Spain/VC-FISABIO-230/2020|EPI_ISL_436325|2020-03-26,NON_GA,"[0.0, 1.0]"
hCoV-19/USA/NY-Wadsworth-10690-01/2020|EPI_ISL_426028|2020-03-04,NON_GA,"[0.0, 0.9999999999999999]"
hCoV-19/USA/CO-USAFSAM-S040/2020|EPI_ISL_512805|2020-03-27,NON_GA,"[0.0, 1.0]"
hCoV-19/USA/WA-UW-4620/2020|EPI_ISL_515284|2020-03-29,NON_GA,"[0.0, 0.9999999999999999]"
hCoV-19/Germany/HH-hpi-p1628/2020|EPI_ISL_776077|2020-03-17,NON_GA,"[0.0, 1.0]"
hCoV-19/Germany/HH-hpi-p1675/2020|EPI_ISL_776091|2020-03-18,NON_GA,"[0.0, 0.9999999999999999]"
hCoV-19/Germany/HH-hpi-p1444/2020|EPI_ISL_775963|2020-03-11,NON_GA,"[0.0, 1.0]"
hCoV-19/USA/UT-0289/2020|EPI_ISL_420809|2020-03-24,NON_GA,"[0.0, 1.0]"
|GA-EHC-115L,GA,"[1.0, 0.0]"
hCoV-19/India/DL-NCDC-01705/2020|EPI_ISL_435064|2020-03-18,NON_GA,"[0.0, 0.9999999999999999]"
hCoV-19/Germany/SH-ChVir3065/2020|EPI_ISL_729528|2020-03-20,NON_GA,"[0.0, 1.0]"
hCoV-19/USA/NY-PV09418/2020|EPI_ISL_450097|2020-03-13,NON_GA,"[0.0, 0.9999999999999999]"
hCoV-19/England/20142083804/2020|EPI_ISL_423466|2020-03-30,NON_GA,"[0.0, 1.0]"
hCoV-19/USA/PA_2887/2020|EPI_ISL_426434|2020-03-08,NON_GA,"[0.0, 1.0]"
hCoV-19/USA/NY-NYUMC579/2020|EPI_ISL_444696|2020-03-30,NON_GA,"[0.0, 1.0]"
hCoV-19/USA/MI-MDHHS-SC21111/2020|EPI_ISL_507887|2020-03-25,NON_GA,"[0.0, 0.9999999999999999]"
hCoV-19/USA/MI-MDHHS-SC21462/2020|EPI_ISL_507716|2020-03-21,NON_GA,"[0.0, 0.9999999999999999]"
hCoV-19/Austria/CeMM0038/2020|EPI_ISL_437927|2020-03-09,NON_GA,"[0.0, 0.9999999999999999]"
hCoV-19/USA/VA-DCLS-0535/2020|EPI_ISL_485836|2020-03-13,NON_GA,"[0.0, 0.9999999999999999]"
hCoV-19/USA/NY-WCMP10G05P/2020|EPI_ISL_427576|2020-03-15,NON_GA,"[0.0, 0.9999999999999999]"
hCoV-19/France/IDF-221-61/2020|EPI_ISL_469283|2020-03-18,NON_GA,"[0.0, 0.9999999999999999]"
hCoV-19/USA/MI-MDHHS-SC20958/2020|EPI_ISL_507747|2020-03-24,NON_GA,"[0.0, 1.0]"
hCoV-19/USA/MI-MDHHS-SC21897/2020|EPI_ISL_565958|2020-03-25,NON_GA,"[0.0, 0.9999999999999999]"
hCoV-19/USA/MI-MDHHS-SC21210/2020|EPI_ISL_507467|2020-03-30,NON_GA,"[0.0, 1.0]"
hCoV-19/Denmark/ALAB-SSI481/2020|EPI_ISL_429560|2020-03-25,NON_GA,"[0.0, 0.9999999999999999]"
hCoV-19/USA/MA-MGH-00177/2020|EPI_ISL_460209|2020-03-26,NON_GA,"[0.0, 1.0]"
hCoV-19/Denmark/DCGC-970/2020|EPI_ISL_614567|2020-03-09,NON_GA,"[0.0, 0.9999999999999999]"
hCoV-19/USA/NY-Wadsworth-013081-01/2020|EPI_ISL_676731|2020-03-11,NON_GA,"[0.0, 1.0]"
hCoV-19/Israel/990059231/2020|EPI_ISL_447275|2020-03-25,NON_GA,"[0.0, 0.9999999999999999]"
hCoV-19/Austria/CeMM0655/2020|EPI_ISL_583626|2020-03-26,NON_GA,"[0.0, 1.0]"
hCoV-19/USA/MI-QDX-656/2020|EPI_ISL_571379|2020-03-19,NON_GA,"[0.0, 1.0]"
hCoV-19/Germany/HH-hpi-p1491/2020|EPI_ISL_775999|2020-03-11,NON_GA,"[0.0, 1.0]"
hCoV-19/USA/UT-QDX-2238/2020|EPI_ISL_604594|2020-03-12,NON_GA,"[0.0, 0.9999999999999999]"
hCoV-19/Denmark/ALAB-SSI-660/2020|EPI_ISL_437027|2020-03-29,NON_GA,"[0.0, 0.9999999999999999]"
hCoV-19/Denmark/ALAB-SSI-246/2020|EPI_ISL_437661|2020-03-10,NON_GA,"[0.0, 1.0]"
hCoV-19/Norway/2114/2020|EPI_ISL_420312|2020-03-18,NON_GA,"[0.0, 0.9999999999999999]"
hCoV-19/France/PAC-IHU-0648/2020|EPI_ISL_568912|2020-03-13,NON_GA,"[0.0, 0.9999999999999999]"
hCoV-19/USA/NY-QDX-2452/2020|EPI_ISL_604803|2020-03-16,NON_GA,"[0.0, 1.0]"
hCoV-19/USA/IN-Lilly-IPB0173-11bc05/2020|EPI_ISL_911737|2020-03-25,NON_GA,"[0.0, 0.9999999999999999]"
hCoV-19/England/20140007004/2020|EPI_ISL_423382|2020-03-29,NON_GA,"[0.0, 0.9999999999999999]"
hCoV-19/Austria/CeMM0084/2020|EPI_ISL_437949|2020-03-24,NON_GA,"[0.0, 1.0]"
hCoV-19/France/PAC-IHU-0344/2020|EPI_ISL_569467|2020-03-20,NON_GA,"[0.0, 1.0]"
hCoV-19/Spain/CT-IBV-005599/2020|EPI_ISL_508646|2020-03-26,NON_GA,"[0.0, 1.0]"
hCoV-19/USA/WA-UW-2240/2020|EPI_ISL_426126|2020-03-26,NON_GA,"[0.0, 1.0]"
hCoV-19/Germany/HH-hpi-p1484/2020|EPI_ISL_775994|2020-03-13,NON_GA,"[0.0, 0.9999999999999999]"
hCoV-19/Germany/NW-HHU-21/2020|EPI_ISL_417466|2020-03-14,NON_GA,"[0.0, 1.0]"
hCoV-19/USA/MI-QDX-635/2020|EPI_ISL_571360|2020-03-18,NON_GA,"[0.0, 0.9999999999999999]"
hCoV-19/Colombia/VAC-INS-82320/2020|EPI_ISL_456151|2020-03-19,NON_GA,"[0.0, 1.0]"
hCoV-19/USA/CA-QDX-2633/2020|EPI_ISL_604901|2020-03-16,NON_GA,"[0.0, 1.0]"
hCoV-19/USA/MI-QDX-304/2020|EPI_ISL_571048|2020-03-22,NON_GA,"[0.0, 1.0]"
hCoV-19/USA/NY-NYCPHL-000591/2020|EPI_ISL_632049|2020-03-10,NON_GA,"[0.0, 1.0]"
hCoV-19/Germany/SH-ChVir3035/2020|EPI_ISL_729517|2020-03-17,NON_GA,"[0.0, 1.0]"
hCoV-19/USA/PA-QDX-1951/2020|EPI_ISL_604280|2020-03-13,NON_GA,"[0.0, 0.9999999999999999]"
hCoV-19/USA/UT-QDX-2504/2020|EPI_ISL_604855|2020-03-13,NON_GA,"[0.0, 0.9999999999999999]"
hCoV-19/Germany/BY-MVP-0023/2020|EPI_ISL_437223|2020-03-12,NON_GA,"[0.0, 0.9999999999999999]"
hCoV-19/Latvia/052/2020|EPI_ISL_486436|2020-03-25,NON_GA,"[0.0, 0.9999999999999999]"
hCoV-19/Germany/HH-hpi-p2303/2020|EPI_ISL_776435|2020-03-12,NON_GA,"[0.0, 0.9999999999999999]"
hCoV-19/USA/DE-DHSS-F917912/2020|EPI_ISL_576154|2020-03-25,NON_GA,"[0.0, 0.9999999999999999]"
hCoV-19/Germany/HH-hpi-p1460/2020|EPI_ISL_775973|2020-03-10,NON_GA,"[0.0, 1.0]"
hCoV-19/USA/NJ-QDX-1213/2020|EPI_ISL_571974|2020-03-16,NON_GA,"[0.0, 1.0]"
hCoV-19/Switzerland/BL-UHB-42195083/2020|EPI_ISL_528172|2020-03-17,NON_GA,"[0.0, 1.0]"
hCoV-19/USA/CA-CZB-1758/2020|EPI_ISL_476775|2020-03-19,NON_GA,"[0.0, 1.0]"
hCoV-19/USA/MI-QDX-717/2020|EPI_ISL_571450|2020-03-20,NON_GA,"[0.0, 1.0]"
hCoV-19/Costa_Rica/INC-0025/2020|EPI_ISL_491437|2020-03-07,NON_GA,"[0.0, 1.0]"
hCoV-19/USA/MI-QDX-928/2020|EPI_ISL_571633|2020-03-22,NON_GA,"[0.0, 1.0]"
hCoV-19/Australia/NSW2177/2020|EPI_ISL_509507|2020-03-20,NON_GA,"[0.0, 1.0]"
hCoV-19/USA/WA-UW-3969/2020|EPI_ISL_427223|2020-03-31,NON_GA,"[0.0, 1.0]"
|GA-EHC-055C,GA,"[0.9999999999999999, 0.0]"
hCoV-19/USA/MI-QDX-1305/2020|EPI_ISL_571960|2020-03-16,NON_GA,"[0.0, 1.0]"
hCoV-19/USA/TX-QDX-878/2020|EPI_ISL_571689|2020-03-16,NON_GA,"[0.0, 1.0]"
hCoV-19/USA/OH-QDX-914/2020|EPI_ISL_571686|2020-03-23,NON_GA,"[0.0, 1.0]"
hCoV-19/Germany/BY-UHR-3ZK/2020|EPI_ISL_513300|2020-03-19,NON_GA,"[0.0, 1.0]"
hCoV-19/USA/MI-QDX-1300/2020|EPI_ISL_571955|2020-03-16,NON_GA,"[0.0, 1.0]"
hCoV-19/USA/CA-QDX-2408/2020|EPI_ISL_604675|2020-03-16,NON_GA,"[0.0, 1.0]"
hCoV-19/USA/MI-QDX-887/2020|EPI_ISL_571608|2020-03-18,NON_GA,"[0.0, 0.9999999999999999]"
hCoV-19/Netherlands/ZuidHolland_39/2020|EPI_ISL_422911|2020-03-17,NON_GA,"[0.0, 1.0]"
hCoV-19/USA/TX-HMH-793/2020|EPI_ISL_545714|2020-03-18,NON_GA,"[0.0, 0.9999999999999999]"
hCoV-19/France/HDF-8231/2020|EPI_ISL_560591|2020-03-26,NON_GA,"[0.0, 1.0]"
hCoV-19/Russia/Moscow-67117/2020|EPI_ISL_428875|2020-03-16,NON_GA,"[0.0, 1.0]"
hCoV-19/USA/MI-QDX-1672/2020|EPI_ISL_603968|2020-03-17,NON_GA,"[0.0, 1.0]"
hCoV-19/USA/NY-Wadsworth-24516-01/2020|EPI_ISL_525624|2020-03-21,NON_GA,"[0.0, 0.9999999999999999]"
hCoV-19/USA/NY-QDX-2046/2020|EPI_ISL_604366|2020-03-16,NON_GA,"[0.0, 1.0]"
hCoV-19/USA/MI-UM-2006S005725/2020|EPI_ISL_495594|2020-03-30,NON_GA,"[0.0, 1.0]"
hCoV-19/USA/CT-QDX-1183/2020|EPI_ISL_571926|2020-03-14,NON_GA,"[0.0, 1.0]"
hCoV-19/USA/MI-QDX-1138/2020|EPI_ISL_571868|2020-03-21,NON_GA,"[0.0, 0.9999999999999999]"
hCoV-19/USA/NY-NYCPHL-000754/2020|EPI_ISL_632134|2020-03-20,NON_GA,"[0.0, 1.0]"
hCoV-19/USA/FL-QDX-911/2020|EPI_ISL_571595|2020-03-21,NON_GA,"[0.0, 0.9999999999999999]"
hCoV-19/Germany/BY-MVP-0038/2020|EPI_ISL_437237|2020-03-23,NON_GA,"[0.0, 1.0]"
hCoV-19/USA/CA-CZB-1197/2020|EPI_ISL_450446|2020-03-28,NON_GA,"[0.0, 1.0]"
hCoV-19/USA/NY-WCMP4B06P/2020|EPI_ISL_427532|2020-03-13,NON_GA,"[0.0, 0.9999999999999999]"
hCoV-19/USA/CA-QDX-1661/2020|EPI_ISL_603917|2020-03-19,NON_GA,"[0.0, 1.0]"
hCoV-19/Sweden/20-50371/2020|EPI_ISL_475138|2020-03-16,NON_GA,"[0.0, 1.0]"
hCoV-19/USA/MI-QDX-483/2020|EPI_ISL_571217|2020-03-23,NON_GA,"[0.0, 1.0]"
hCoV-19/Switzerland/BS-UHB-42201408/2020|EPI_ISL_528294|2020-03-21,NON_GA,"[0.0, 0.9999999999999999]"
hCoV-19/USA/MI-UM-10033808660/2020|EPI_ISL_578125|2020-03-30,NON_GA,"[0.0, 1.0]"
hCoV-19/USA/MI-MDHHS-SC21581/2020|EPI_ISL_516308|2020-03-23,NON_GA,"[0.0, 1.0]"
hCoV-19/Germany/HH-hpi-p1427/2020|EPI_ISL_775948|2020-03-09,NON_GA,"[0.0, 0.9999999999999999]"
hCoV-19/Canada/QC-JUS-V5281174/2020|EPI_ISL_890771|2020-03-27,NON_GA,"[0.0, 1.0]"
hCoV-19/USA/MI-UM-10033798318/2020|EPI_ISL_578122|2020-03-28,NON_GA,"[0.0, 1.0]"
hCoV-19/USA/NY-NYUMC510/2020|EPI_ISL_444627|2020-03-30,NON_GA,"[0.0, 1.0]"
hCoV-19/USA/NY-QDX-2464/2020|EPI_ISL_604806|2020-03-16,NON_GA,"[0.0, 1.0]"
hCoV-19/Czech_Republic/FNHK-04701/2020|EPI_ISL_895800|2020-03-23,NON_GA,"[0.0, 1.0]"
hCoV-19/Austria/CeMM0554/2020|EPI_ISL_475905|2020-03-17,NON_GA,"[0.0, 1.0]"
hCoV-19/Germany/HH-hpi-p1899/2020|EPI_ISL_776238|2020-03-24,NON_GA,"[0.0, 1.0]"
hCoV-19/Netherlands/NB-RIVM-10052/2020|EPI_ISL_547482|2020-03-18,NON_GA,"[0.0, 0.9999999999999999]"
hCoV-19/USA/UT-QDX-1807/2020|EPI_ISL_604134|2020-03-14,NON_GA,"[0.0, 1.0]"
hCoV-19/USA/UT-QDX-2248/2020|EPI_ISL_604598|2020-03-13,NON_GA,"[0.0, 0.9999999999999999]"
hCoV-19/Czech_Republic/IAB20_006_31/2020|EPI_ISL_889315|2020-03-19,NON_GA,"[0.0, 1.0]"
hCoV-19/USA/NY-NYCPHL-000883/2020|EPI_ISL_632955|2020-03-27,NON_GA,"[0.0, 1.0]"
hCoV-19/Germany/SH-ChVir2105/2020|EPI_ISL_729504|2020-03-13,NON_GA,"[0.0, 0.9999999999999999]"
hCoV-19/Australia/QLDID927/2020|EPI_ISL_418807|2020-03-19,NON_GA,"[0.0, 1.0]"
hCoV-19/USA/MI-QDX-337/2020|EPI_ISL_571081|2020-03-23,NON_GA,"[0.0, 1.0]"
hCoV-19/Germany/HH-hpi-p1501/2020|EPI_ISL_776007|2020-03-12,NON_GA,"[0.0, 0.9999999999999999]"
hCoV-19/Spain/MD-H12-30/2020|EPI_ISL_428693|2020-03-12,NON_GA,"[0.0, 0.9999999999999999]"
hCoV-19/Germany/NW-HHU-22/2020|EPI_ISL_417467|2020-03-15,NON_GA,"[0.0, 0.9999999999999999]"
hCoV-19/Israel/CVL-n1962/2020|EPI_ISL_649067|2020-03-05,NON_GA,"[0.0, 1.0]"
hCoV-19/USA/CA-QDX-1566/2020|EPI_ISL_603886|2020-03-18,NON_GA,"[0.0, 0.9999999999999999]"
hCoV-19/South_Korea/KCDC2172/2020|EPI_ISL_506966|2020-03-23,NON_GA,"[0.0, 1.0]"
hCoV-19/USA/NY-NYCPHL-000682/2020|EPI_ISL_632099|2020-03-14,NON_GA,"[0.0, 1.0]"
hCoV-19/USA/MI-QDX-643/2020|EPI_ISL_571368|2020-03-18,NON_GA,"[0.0, 0.9999999999999999]"
hCoV-19/USA/MI-QDX-918/2020|EPI_ISL_571628|2020-03-22,NON_GA,"[0.0, 1.0]"
hCoV-19/Israel/2023920/2020|EPI_ISL_447408|2020-03-17,NON_GA,"[0.0, 1.0]"
hCoV-19/Germany/SH-ChVir3219/2020|EPI_ISL_729547|2020-03-23,NON_GA,"[0.0, 1.0]"
hCoV-19/USA/UT-QDX-2347/2020|EPI_ISL_604724|2020-03-15,NON_GA,"[0.0, 0.9999999999999999]"
hCoV-19/USA/MN-MDH-72/2020|EPI_ISL_460062|2020-03-16,NON_GA,"[0.0, 1.0]"
hCoV-19/USA/DE-DHSS-F917889/2020|EPI_ISL_583246|2020-03-25,NON_GA,"[0.0, 0.9999999999999999]"
hCoV-19/USA/CT-UW-2473/2020|EPI_ISL_477678|2020-03-29,NON_GA,"[0.0, 0.9999999999999999]"
hCoV-19/USA/NY-NYUMC568/2020|EPI_ISL_444685|2020-03-30,NON_GA,"[0.0, 1.0]"
hCoV-19/USA/MI-MDHHS-SC21633/2020|EPI_ISL_516360|2020-03-29,NON_GA,"[0.0, 0.9999999999999999]"
hCoV-19/USA/NJ-QDX-1223/2020|EPI_ISL_571978|2020-03-16,NON_GA,"[0.0, 1.0]"
hCoV-19/USA/MN-MDH-1341/2020|EPI_ISL_496927|2020-03-25,NON_GA,"[0.0, 0.9999999999999999]"
hCoV-19/USA/MI-QDX-561/2020|EPI_ISL_571317|2020-03-17,NON_GA,"[0.0, 1.0]"
hCoV-19/USA/WA-UW203/2020|EPI_ISL_417352|2020-03-12,NON_GA,"[0.0, 0.9999999999999999]"
hCoV-19/Switzerland/ZH-ETHZ-100817/2020|EPI_ISL_451767|2020-03-26,NON_GA,"[0.0, 1.0]"
hCoV-19/USA/TX-HMH0108/2020|EPI_ISL_434811|2020-03-20,NON_GA,"[0.0, 1.0]"
hCoV-19/South_Korea/KCDC2145/2020|EPI_ISL_498046|2020-03-22,NON_GA,"[0.0, 1.0]"
hCoV-19/Germany/HH-hpi-p1732/2020|EPI_ISL_776112|2020-03-14,NON_GA,"[0.0, 1.0]"
hCoV-19/USA/MI-QDX-366/2020|EPI_ISL_571109|2020-03-23,NON_GA,"[0.0, 1.0]"
hCoV-19/Israel/701002489/2020|EPI_ISL_447295|2020-03-25,NON_GA,"[0.0, 0.9999999999999999]"
hCoV-19/USA/NY-NYCPHL-000822/2020|EPI_ISL_632199|2020-03-23,NON_GA,"[0.0, 1.0]"
hCoV-19/USA/MI-QDX-306/2020|EPI_ISL_571050|2020-03-22,NON_GA,"[0.0, 1.0]"
hCoV-19/Germany/SH-ChVir2125/2020|EPI_ISL_729512|2020-03-16,NON_GA,"[0.0, 1.0]"
hCoV-19/USA/MI-QDX-901/2020|EPI_ISL_571622|2020-03-19,NON_GA,"[0.0, 1.0]"
hCoV-19/Germany/NW-HHU-18/2020|EPI_ISL_417463|2020-03-13,NON_GA,"[0.0, 0.9999999999999999]"
hCoV-19/USA/NY-Wadsworth-11513-01/2020|EPI_ISL_525582|2020-03-07,NON_GA,"[0.0, 1.0]"
hCoV-19/Germany/BW-FR0104/2020|EPI_ISL_852738|2020-03-11,NON_GA,"[0.0, 1.0]"
hCoV-19/USA/NY-NYCPHL-000833/2020|EPI_ISL_632210|2020-03-25,NON_GA,"[0.0, 0.9999999999999999]"
hCoV-19/USA/MN-MDH-1337/2020|EPI_ISL_496923|2020-03-24,NON_GA,"[0.0, 1.0]"
hCoV-19/England/LEED-2A890D/2020|EPI_ISL_539028|2020-03-26,NON_GA,"[0.0, 1.0]"
hCoV-19/USA/MI-QDX-1588/2020|EPI_ISL_603950|2020-03-17,NON_GA,"[0.0, 1.0]"
hCoV-19/USA/MI-QDX-754/2020|EPI_ISL_571533|2020-03-19,NON_GA,"[0.0, 1.0]"
hCoV-19/Germany/SH-ChVir2109/2020|EPI_ISL_729505|2020-03-13,NON_GA,"[0.0, 0.9999999999999999]"
hCoV-19/USA/NY-NYUMC805/2020|EPI_ISL_456041|2020-03-27,NON_GA,"[0.0, 1.0]"
hCoV-19/France/BRE-2337/2020|EPI_ISL_416506|2020-03-03,NON_GA,"[0.0, 1.0]"
hCoV-19/France/IDF_PSL_126/2020|EPI_ISL_1015056|2020-03-15,NON_GA,"[0.0, 0.9999999999999999]"
hCoV-19/Switzerland/BL-UHB-42189772/2020|EPI_ISL_528050|2020-03-13,NON_GA,"[0.0, 0.9999999999999999]"
hCoV-19/Germany/HH-hpi-p1626/2020|EPI_ISL_776076|2020-03-15,NON_GA,"[0.0, 0.9999999999999999]"
hCoV-19/France/ARA-SC361/2020|EPI_ISL_660346|2020-03-07,NON_GA,"[0.0, 1.0]"
hCoV-19/Austria/CeMM0642/2020|EPI_ISL_583619|2020-03-24,NON_GA,"[0.0, 1.0]"
hCoV-19/Denmark/ALAB-SSI128/2020|EPI_ISL_429355|2020-03-08,NON_GA,"[0.0, 1.0]"
hCoV-19/USA/NJ-QDX-1210/2020|EPI_ISL_571971|2020-03-17,NON_GA,"[0.0, 1.0]"
hCoV-19/Germany/NW-HHU-12/2020|EPI_ISL_417457|2020-03-10,NON_GA,"[0.0, 1.0]"
hCoV-19/Norway/1989/2020|EPI_ISL_420147|2020-03-10,NON_GA,"[0.0, 1.0]"
hCoV-19/Israel/CVL-n3767/2020|EPI_ISL_649082|2020-03-10,NON_GA,"[0.0, 1.0]"
hCoV-19/USA/MI-QDX-1146/2020|EPI_ISL_571876|2020-03-23,NON_GA,"[0.0, 1.0]"
hCoV-19/Germany/HH-hpi-p1737/2020|EPI_ISL_776116|2020-03-15,NON_GA,"[0.0, 0.9999999999999999]"
hCoV-19/USA/MA-MGH-00484/2020|EPI_ISL_460286|2020-03-27,NON_GA,"[0.0, 1.0]"
hCoV-19/USA/NY-NYCPHL-000587/2020|EPI_ISL_632045|2020-03-09,NON_GA,"[0.0, 0.9999999999999999]"
hCoV-19/Canada/QC-JUS-V5311004/2020|EPI_ISL_889952|2020-03-30,NON_GA,"[0.0, 1.0]"
hCoV-19/USA/ME-HETL-J0002/2020|EPI_ISL_513415|2020-03-12,NON_GA,"[0.0, 0.9999999999999999]"
hCoV-19/Denmark/DCGC-941/2020|EPI_ISL_614531|2020-03-30,NON_GA,"[0.0, 1.0]"
hCoV-19/USA/WA-UW140/2020|EPI_ISL_416678|2020-03-11,NON_GA,"[0.0, 1.0]"
hCoV-19/Germany/HH-hpi-p2299/2020|EPI_ISL_776432|2020-03-12,NON_GA,"[0.0, 0.9999999999999999]"
hCoV-19/Belgium/UGent-87/2020|EPI_ISL_468735|2020-03-11,NON_GA,"[0.0, 1.0]"
hCoV-19/USA/UT-QDX-131/2020|EPI_ISL_467912|2020-03-13,NON_GA,"[0.0, 0.9999999999999999]"
hCoV-19/Germany/BW-FR0068/2020|EPI_ISL_852735|2020-03-13,NON_GA,"[0.0, 0.9999999999999999]"
hCoV-19/USA/MI-QDX-500/2020|EPI_ISL_571234|2020-03-24,NON_GA,"[0.0, 1.0]"
hCoV-19/Germany/HH-hpi-p2001/2020|EPI_ISL_776318|2020-03-20,NON_GA,"[0.0, 1.0]"
hCoV-19/USA/MI-QDX-346/2020|EPI_ISL_571090|2020-03-23,NON_GA,"[0.0, 1.0]"
hCoV-19/Sweden/20-50304/2020|EPI_ISL_475131|2020-03-12,NON_GA,"[0.0, 0.9999999999999999]"
hCoV-19/USA/AR-QDX-680/2020|EPI_ISL_571409|2020-03-18,NON_GA,"[0.0, 0.9999999999999999]"
hCoV-19/Belgium/UGent-90/2020|EPI_ISL_468738|2020-03-13,NON_GA,"[0.0, 0.9999999999999999]"
hCoV-19/USA/NY-WCMP10G11P/2020|EPI_ISL_427579|2020-03-15,NON_GA,"[0.0, 0.9999999999999999]"
hCoV-19/Israel/CVL-n-6105/2020|EPI_ISL_475000|2020-03-15,NON_GA,"[0.0, 0.9999999999999999]"
hCoV-19/Germany/HH-hpi-p1558/2020|EPI_ISL_776040|2020-03-15,NON_GA,"[0.0, 0.9999999999999999]"
hCoV-19/USA/WA-UW-4499/2020|EPI_ISL_427269|2020-03-31,NON_GA,"[0.0, 1.0]"
hCoV-19/USA/NY-NYUMC747/2020|EPI_ISL_451462|2020-03-20,NON_GA,"[0.0, 1.0]"
hCoV-19/Germany/NW-HHU-20/2020|EPI_ISL_417465|2020-03-14,NON_GA,"[0.0, 1.0]"
hCoV-19/Northern_Ireland/NIRE-1023E6/2020|EPI_ISL_441411|2020-03-14,NON_GA,"[0.0, 1.0]"
hCoV-19/Germany/HH-hpi-p2296/2020|EPI_ISL_776429|2020-03-12,NON_GA,"[0.0, 0.9999999999999999]"
hCoV-19/Germany/HH-hpi-p2306/2020|EPI_ISL_776437|2020-03-12,NON_GA,"[0.0, 0.9999999999999999]"
hCoV-19/USA/MI-QDX-824/2020|EPI_ISL_571541|2020-03-22,NON_GA,"[0.0, 1.0]"
hCoV-19/Israel/701002538/2020|EPI_ISL_447293|2020-03-25,NON_GA,"[0.0, 0.9999999999999999]"
hCoV-19/USA/CT-QDX-1507/2020|EPI_ISL_603812|2020-03-17,NON_GA,"[0.0, 1.0]"
hCoV-19/Chile/MA-CMM-31600/2020|EPI_ISL_459861|2020-03-25,NON_GA,"[0.0, 0.9999999999999999]"
hCoV-19/USA/NY-NYUMC120/2020|EPI_ISL_421732|2020-03-18,NON_GA,"[0.0, 0.9999999999999999]"
hCoV-19/USA/MN-MDH-1387/2020|EPI_ISL_507974|2020-03-23,NON_GA,"[0.0, 1.0]"
hCoV-19/Germany/HH-hpi-p1559/2020|EPI_ISL_776041|2020-03-15,NON_GA,"[0.0, 0.9999999999999999]"
hCoV-19/USA/NY-NYUMC321/2020|EPI_ISL_430348|2020-03-30,NON_GA,"[0.0, 1.0]"
hCoV-19/USA/MN-MDH-1282/2020|EPI_ISL_483003|2020-03-18,NON_GA,"[0.0, 0.9999999999999999]"
hCoV-19/USA/MI-MDHHS-SC21463/2020|EPI_ISL_507717|2020-03-25,NON_GA,"[0.0, 0.9999999999999999]"
hCoV-19/Germany/HH-hpi-p1613/2020|EPI_ISL_776068|2020-03-17,NON_GA,"[0.0, 1.0]"
hCoV-19/France/OCC-SC535/2020|EPI_ISL_645198|2020-03-16,NON_GA,"[0.0, 1.0]"
hCoV-19/USA/MI-QDX-359/2020|EPI_ISL_571102|2020-03-22,NON_GA,"[0.0, 1.0]"
hCoV-19/Netherlands/NA_203/2020|EPI_ISL_422738|2020-03-25,NON_GA,"[0.0, 0.9999999999999999]"
hCoV-19/USA/NY-NYCPHL-000267/2020|EPI_ISL_631793|2020-03-16,NON_GA,"[0.0, 1.0]"
hCoV-19/USA/NY-NYCPHL-000852/2020|EPI_ISL_632229|2020-03-29,NON_GA,"[0.0, 0.9999999999999999]"
hCoV-19/France/PAC-IHU-0131/2020|EPI_ISL_569327|2020-03-12,NON_GA,"[0.0, 0.9999999999999999]"
hCoV-19/USA/NY-Wadsworth-11538-01/2020|EPI_ISL_525584|2020-03-07,NON_GA,"[0.0, 1.0]"
hCoV-19/Germany/HH-hpi-p1589/2020|EPI_ISL_776061|2020-03-16,NON_GA,"[0.0, 1.0]"
hCoV-19/USA/MI-QDX-361/2020|EPI_ISL_571104|2020-03-23,NON_GA,"[0.0, 1.0]"
hCoV-19/USA/AZ-QDX-1798/2020|EPI_ISL_604094|2020-03-17,NON_GA,"[0.0, 1.0]"
hCoV-19/France/PAC-IHU-0057/2020|EPI_ISL_569276|2020-03-19,NON_GA,"[0.0, 1.0]"
hCoV-19/USA/MI-QDX-714/2020|EPI_ISL_571447|2020-03-20,NON_GA,"[0.0, 1.0]"
hCoV-19/USA/UT-QDX-1848/2020|EPI_ISL_604164|2020-03-16,NON_GA,"[0.0, 1.0]"
hCoV-19/Germany/HH-hpi-p1744/2020|EPI_ISL_776122|2020-03-14,NON_GA,"[0.0, 1.0]"
hCoV-19/Germany/NI-IOV-60137159/2020|EPI_ISL_883161|2020-03-22,NON_GA,"[0.0, 1.0]"
hCoV-19/Germany/NI-hpi-p1458/2020|EPI_ISL_776548|2020-03-11,NON_GA,"[0.0, 1.0]"
hCoV-19/USA/UT-QDX-2247/2020|EPI_ISL_604597|2020-03-12,NON_GA,"[0.0, 0.9999999999999999]"
hCoV-19/USA/NY-Wadsworth-29389-01/2020|EPI_ISL_525631|2020-03-24,NON_GA,"[0.0, 1.0]"
hCoV-19/France/HDF-2381/2020|EPI_ISL_418226|2020-03-09,NON_GA,"[0.0, 0.9999999999999999]"
hCoV-19/Norway/Trondheim-S4/2020|EPI_ISL_450346|2020-03-25,NON_GA,"[0.0, 0.9999999999999999]"
hCoV-19/USA/NY-NYUMC318/2020|EPI_ISL_430345|2020-03-30,NON_GA,"[0.0, 1.0]"
hCoV-19/USA/MI-QDX-1564/2020|EPI_ISL_603946|2020-03-16,NON_GA,"[0.0, 1.0]"
hCoV-19/USA/NY-NYCPHL-000560/2020|EPI_ISL_632019|2020-03-27,NON_GA,"[0.0, 1.0]"
hCoV-19/USA/MI-QDX-608/2020|EPI_ISL_571339|2020-03-19,NON_GA,"[0.0, 1.0]"
hCoV-19/Germany/BY-MVP-0054/2020|EPI_ISL_437253|2020-03-17,NON_GA,"[0.0, 1.0]"
hCoV-19/USA/NY-QDX-2058/2020|EPI_ISL_604368|2020-03-17,NON_GA,"[0.0, 1.0]"
hCoV-19/USA/CA-SR0429/2020|EPI_ISL_467959|2020-03-11,NON_GA,"[0.0, 1.0]"
hCoV-19/USA/GA-UW-MAYO62/2020|EPI_ISL_500514|2020-03-18,GA,"[0.9999999999999999, 0.0]"
hCoV-19/France/IDF_PSL_123/2020|EPI_ISL_1015237|2020-03-19,NON_GA,"[0.0, 1.0]"
hCoV-19/USA/MI-QDX-1299/2020|EPI_ISL_571954|2020-03-16,NON_GA,"[0.0, 1.0]"
hCoV-19/Germany/BW-FR0101/2020|EPI_ISL_852744|2020-03-06,NON_GA,"[0.0, 1.0]"
hCoV-19/USA/VA-DCLS-0052/2020|EPI_ISL_426460|2020-03-28,NON_GA,"[0.0, 1.0]"
hCoV-19/USA/NY-QDX-128/2020|EPI_ISL_467886|2020-03-16,NON_GA,"[0.0, 1.0]"
hCoV-19/France/ARA-SC365/2020|EPI_ISL_660349|2020-03-08,NON_GA,"[0.0, 1.0]"
hCoV-19/USA/MI-QDX-715/2020|EPI_ISL_571448|2020-03-21,NON_GA,"[0.0, 0.9999999999999999]"
hCoV-19/USA/MO-MSPHL-000022/2020|EPI_ISL_1362573|2020-03-23,NON_GA,"[0.0, 1.0]"
hCoV-19/USA/NY-Wadsworth-16833-01/2020|EPI_ISL_426316|2020-03-15,NON_GA,"[0.0, 0.9999999999999999]"
hCoV-19/USA/CA-QDX-443/2020|EPI_ISL_571165|2020-03-21,NON_GA,"[0.0, 0.9999999999999999]"
hCoV-19/USA/NY-NYCPHL-000293/2020|EPI_ISL_631819|2020-03-22,NON_GA,"[0.0, 1.0]"
hCoV-19/USA/MA-MGH-00581/2020|EPI_ISL_460426|2020-03-28,NON_GA,"[0.0, 1.0]"
hCoV-19/USA/CA-QDX-447/2020|EPI_ISL_571169|2020-03-22,NON_GA,"[0.0, 1.0]"
hCoV-19/USA/CA-QDX-1438/2020|EPI_ISL_572090|2020-03-18,NON_GA,"[0.0, 0.9999999999999999]"
hCoV-19/France/IDF_HB_112003008027/2020|EPI_ISL_1296406|2020-03-03,NON_GA,"[0.0, 1.0]"
hCoV-19/USA/MI-QDX-277/2020|EPI_ISL_571037|2020-03-17,NON_GA,"[0.0, 1.0]"
hCoV-19/Austria/CeMM0195/2020|EPI_ISL_438036|2020-03-14,NON_GA,"[0.0, 1.0]"
hCoV-19/Germany/HH-hpi-p1788/2020|EPI_ISL_776159|2020-03-19,NON_GA,"[0.0, 1.0]"
hCoV-19/Germany/HH-hpi-p2124/2020|EPI_ISL_776364|2020-03-22,NON_GA,"[0.0, 1.0]"
hCoV-19/USA/CA-ALSR-1451/2020|EPI_ISL_494611|2020-03-25,NON_GA,"[0.0, 0.9999999999999999]"
hCoV-19/Belgium/Rega-0331263/2020|EPI_ISL_458233|2020-03-31,NON_GA,"[0.0, 1.0]"
hCoV-19/Germany/HH-hpi-p1583/2020|EPI_ISL_776058|2020-03-16,NON_GA,"[0.0, 1.0]"
hCoV-19/USA/MI-UM-10033768108/2020|EPI_ISL_578100|2020-03-24,NON_GA,"[0.0, 1.0]"
hCoV-19/Singapore/930/2020|EPI_ISL_538462|2020-03-29,NON_GA,"[0.0, 0.9999999999999999]"
hCoV-19/USA/NY-NYCPHL-000826/2020|EPI_ISL_632203|2020-03-24,NON_GA,"[0.0, 1.0]"
hCoV-19/Russia/Moscow-80402/2020|EPI_ISL_428905|2020-03-23,NON_GA,"[0.0, 1.0]"
hCoV-19/Israel/CVL-n2875/2020|EPI_ISL_649083|2020-03-08,NON_GA,"[0.0, 1.0]"
hCoV-19/USA/MI-QDX-467/2020|EPI_ISL_571202|2020-03-23,NON_GA,"[0.0, 1.0]"
hCoV-19/Czech_Republic/IAB20_006_29/2020|EPI_ISL_889313|2020-03-19,NON_GA,"[0.0, 1.0]"
hCoV-19/Canada/AB-12751/2020|EPI_ISL_806078|2020-03-24,NON_GA,"[0.0, 1.0]"
hCoV-19/Germany/NW-HHU-42/2020|EPI_ISL_425126|2020-03-18,NON_GA,"[0.0, 0.9999999999999999]"
hCoV-19/USA/NY-Wadsworth-10958-01/2020|EPI_ISL_426036|2020-03-04,NON_GA,"[0.0, 0.9999999999999999]"
hCoV-19/USA/NY-Wadsworth-10495-01/2020|EPI_ISL_425224|2020-03-03,NON_GA,"[0.0, 1.0]"
hCoV-19/USA/MI-QDX-947/2020|EPI_ISL_571640|2020-03-23,NON_GA,"[0.0, 1.0]"
hCoV-19/Germany/HH-hpi-p2110/2020|EPI_ISL_776355|2020-03-22,NON_GA,"[0.0, 1.0]"
hCoV-19/USA/MI-MDHHS-SC20449/2020|EPI_ISL_452323|2020-03-16,NON_GA,"[0.0, 1.0]"
hCoV-19/USA/MI-QDX-889/2020|EPI_ISL_571610|2020-03-18,NON_GA,"[0.0, 0.9999999999999999]"
hCoV-19/Germany/BW-FR0014/2020|EPI_ISL_852737|2020-03-12,NON_GA,"[0.0, 0.9999999999999999]"
hCoV-19/USA/CA-QDX-2639/2020|EPI_ISL_604903|2020-03-16,NON_GA,"[0.0, 1.0]"
hCoV-19/USA/MI-QDX-1295/2020|EPI_ISL_571951|2020-03-17,NON_GA,"[0.0, 1.0]"
hCoV-19/Netherlands/NoordHolland_4/2020|EPI_ISL_422895|2020-03-25,NON_GA,"[0.0, 0.9999999999999999]"
hCoV-19/USA/MI-MDHHS-SC20154/2020|EPI_ISL_436819|2020-03-16,NON_GA,"[0.0, 1.0]"
hCoV-19/USA/WA-UW122/2020|EPI_ISL_416660|2020-03-10,NON_GA,"[0.0, 1.0]"
|GA-EHC-109E,GA,"[1.0, 0.0]"
hCoV-19/France/PAC-IHU-0342/2020|EPI_ISL_569466|2020-03-20,NON_GA,"[0.0, 1.0]"
hCoV-19/Germany/BW-FR0181/2020|EPI_ISL_852724|2020-03-18,NON_GA,"[0.0, 0.9999999999999999]"
hCoV-19/Germany/HH-hpi-p1751/2020|EPI_ISL_776126|2020-03-14,NON_GA,"[0.0, 1.0]"
hCoV-19/USA/NY-WCMP12H01P/2020|EPI_ISL_427618|2020-03-16,NON_GA,"[0.0, 1.0]"
hCoV-19/USA/MI-QDX-654/2020|EPI_ISL_571377|2020-03-18,NON_GA,"[0.0, 0.9999999999999999]"
hCoV-19/USA/NY-NYCPHL-000793/2020|EPI_ISL_632173|2020-03-22,NON_GA,"[0.0, 1.0]"
hCoV-19/USA/MI-QDX-932/2020|EPI_ISL_571636|2020-03-22,NON_GA,"[0.0, 1.0]"
hCoV-19/USA/NY-Wadsworth-11690-01/2020|EPI_ISL_525588|2020-03-08,NON_GA,"[0.0, 1.0]"
hCoV-19/USA/MI-QDX-565/2020|EPI_ISL_571319|2020-03-16,NON_GA,"[0.0, 1.0]"
hCoV-19/France/IDF_HB_112003012438/2020|EPI_ISL_940272|2020-03-04,NON_GA,"[0.0, 0.9999999999999999]"
hCoV-19/France/ARA-11995/2020|EPI_ISL_419175|2020-03-21,NON_GA,"[0.0, 0.9999999999999999]"
hCoV-19/France/IDF_PSL_92/2020|EPI_ISL_1015227|2020-03-16,NON_GA,"[0.0, 1.0]"
hCoV-19/USA/ME-HETL-J0044/2020|EPI_ISL_513456|2020-03-16,NON_GA,"[0.0, 1.0]"
hCoV-19/USA/CA-QDX-1994/2020|EPI_ISL_604298|2020-03-18,NON_GA,"[0.0, 0.9999999999999999]"
hCoV-19/USA/MI-UM-10033783681/2020|EPI_ISL_578110|2020-03-26,NON_GA,"[0.0, 1.0]"
hCoV-19/Germany/HH-hpi-p1597/2020|EPI_ISL_776064|2020-03-16,NON_GA,"[0.0, 1.0]"
hCoV-19/Norway/1949/2020|EPI_ISL_470882|2020-03-09,NON_GA,"[0.0, 0.9999999999999999]"
hCoV-19/USA/MI-QDX-1153/2020|EPI_ISL_571883|2020-03-24,NON_GA,"[0.0, 1.0]"
hCoV-19/USA/MI-QDX-300/2020|EPI_ISL_571044|2020-03-21,NON_GA,"[0.0, 0.9999999999999999]"
hCoV-19/Germany/HH-hpi-p1730/2020|EPI_ISL_776110|2020-03-15,NON_GA,"[0.0, 0.9999999999999999]"
hCoV-19/Germany/HH-hpi-p1494/2020|EPI_ISL_776002|2020-03-12,NON_GA,"[0.0, 0.9999999999999999]"
hCoV-19/USA/NY-NYUMC726/2020|EPI_ISL_451441|2020-03-26,NON_GA,"[0.0, 1.0]"
hCoV-19/USA/NY-NYCPHL-000604/2020|EPI_ISL_632062|2020-03-11,NON_GA,"[0.0, 1.0]"
hCoV-19/France/OCC-SC495/2020|EPI_ISL_660690|2020-03-26,NON_GA,"[0.0, 1.0]"
hCoV-19/USA/WI-WSLH-200011/2020|EPI_ISL_470540|2020-03-15,NON_GA,"[0.0, 0.9999999999999999]"
hCoV-19/Chile/MA-30037/2020|EPI_ISL_1167793|2020-03-22,NON_GA,"[0.0, 1.0]"
hCoV-19/Germany/HH-hpi-p2130/2020|EPI_ISL_776370|2020-03-22,NON_GA,"[0.0, 1.0]"
hCoV-19/Germany/SH-ChVir3058/2020|EPI_ISL_729525|2020-03-20,NON_GA,"[0.0, 1.0]"
hCoV-19/Canada/QC-JUS-V5271813/2020|EPI_ISL_890654|2020-03-27,NON_GA,"[0.0, 1.0]"
hCoV-19/USA/WA-UW-4602/2020|EPI_ISL_429611|2020-03-31,NON_GA,"[0.0, 1.0]"
hCoV-19/USA/NY-NYUMC738/2020|EPI_ISL_451453|2020-03-22,NON_GA,"[0.0, 1.0]"
hCoV-19/Thailand/Bangkok-CONI-0215/2020|EPI_ISL_568580|2020-03-18,NON_GA,"[0.0, 0.9999999999999999]"
hCoV-19/Germany/BY-MVP-0030/2020|EPI_ISL_437229|2020-03-14,NON_GA,"[0.0, 1.0]"
hCoV-19/England/BRIS-130EFD/2020|EPI_ISL_501607|2020-03-23,NON_GA,"[0.0, 1.0]"
hCoV-19/USA/NY-QDX-2044/2020|EPI_ISL_604365|2020-03-18,NON_GA,"[0.0, 0.9999999999999999]"
hCoV-19/Germany/HH-hpi-p2113/2020|EPI_ISL_776357|2020-03-22,NON_GA,"[0.0, 1.0]"
hCoV-19/USA/CA-CSMC12/2020|EPI_ISL_475596|2020-03-28,NON_GA,"[0.0, 1.0]"
hCoV-19/Israel/CVL-n4109/2020|EPI_ISL_649072|2020-03-11,NON_GA,"[0.0, 1.0]"
hCoV-19/USA/NY-Wadsworth-34564-01/2020|EPI_ISL_676794|2020-03-31,NON_GA,"[0.0, 1.0]"
hCoV-19/USA/MD-QDX-2299/2020|EPI_ISL_604534|2020-03-16,NON_GA,"[0.0, 1.0]"
hCoV-19/USA/WA-UW-352/2020|EPI_ISL_524441|2020-03-24,NON_GA,"[0.0, 1.0]"
hCoV-19/USA/MI-QDX-1302/2020|EPI_ISL_571957|2020-03-17,NON_GA,"[0.0, 1.0]"
hCoV-19/USA/MI-MDHHS-SC20155/2020|EPI_ISL_436877|2020-03-27,NON_GA,"[0.0, 1.0]"
hCoV-19/Germany/HH-hpi-p1795/2020|EPI_ISL_776164|2020-03-19,NON_GA,"[0.0, 1.0]"
hCoV-19/USA/MI-MDHHS-SC20149/2020|EPI_ISL_436841|2020-03-23,NON_GA,"[0.0, 1.0]"
hCoV-19/USA/PA-MGSC20-04/2020|EPI_ISL_436474|2020-03-25,NON_GA,"[0.0, 0.9999999999999999]"
hCoV-19/Germany/HH-hpi-p1522/2020|EPI_ISL_776023|2020-03-15,NON_GA,"[0.0, 0.9999999999999999]"
hCoV-19/England/BRIS-121D4D/2020|EPI_ISL_439966|2020-03-21,NON_GA,"[0.0, 0.9999999999999999]"
hCoV-19/USA/NY-Wadsworth-144456-01/2020|EPI_ISL_676981|2020-03-21,NON_GA,"[0.0, 0.9999999999999999]"
hCoV-19/USA/WA-UW-3939/2020|EPI_ISL_427213|2020-03-27,NON_GA,"[0.0, 1.0]"
hCoV-19/USA/MI-QDX-474/2020|EPI_ISL_571208|2020-03-23,NON_GA,"[0.0, 1.0]"
hCoV-19/USA/MI-QDX-515/2020|EPI_ISL_571247|2020-03-26,NON_GA,"[0.0, 1.0]"
hCoV-19/Germany/HH-hpi-p1476/2020|EPI_ISL_775987|2020-03-13,NON_GA,"[0.0, 0.9999999999999999]"
hCoV-19/USA/MI-QDX-1137/2020|EPI_ISL_571867|2020-03-21,NON_GA,"[0.0, 0.9999999999999999]"
hCoV-19/USA/NY-NYCPHL-000678/2020|EPI_ISL_632096|2020-03-13,NON_GA,"[0.0, 0.9999999999999999]"
hCoV-19/USA/NY-NYUMC786/2020|EPI_ISL_456023|2020-03-25,NON_GA,"[0.0, 0.9999999999999999]"
hCoV-19/Germany/ChVir3137/2020|EPI_ISL_729534|2020-03-31,NON_GA,"[0.0, 1.0]"
hCoV-19/USA/CA-QDX-2660/2020|EPI_ISL_604912|2020-03-16,NON_GA,"[0.0, 1.0]"
hCoV-19/USA/ME-HETL-J0092/2020|EPI_ISL_513501|2020-03-21,NON_GA,"[0.0, 0.9999999999999999]"
hCoV-19/Luxembourg/LNS9862689/2020|EPI_ISL_419606|2020-03-11,NON_GA,"[0.0, 1.0]"
hCoV-19/USA/MI-QDX-52/2020|EPI_ISL_467870|2020-03-15,NON_GA,"[0.0, 0.9999999999999999]"
hCoV-19/Germany/BW-FR0195/2020|EPI_ISL_852713|2020-03-21,NON_GA,"[0.0, 0.9999999999999999]"
hCoV-19/Austria/CeMM0439/2020|EPI_ISL_475863|2020-03-16,NON_GA,"[0.0, 1.0]"
hCoV-19/Germany/NW-HHU-40/2020|EPI_ISL_425124|2020-03-17,NON_GA,"[0.0, 1.0]"
hCoV-19/USA/NY-Wadsworth-12437-01/2020|EPI_ISL_676730|2020-03-07,NON_GA,"[0.0, 1.0]"
hCoV-19/Germany/HH-hpi-p1742/2020|EPI_ISL_776120|2020-03-14,NON_GA,"[0.0, 1.0]"
hCoV-19/USA/NJ-QDX-849/2020|EPI_ISL_571642|2020-03-16,NON_GA,"[0.0, 1.0]"
hCoV-19/USA/MI-QDX-589/2020|EPI_ISL_571327|2020-03-17,NON_GA,"[0.0, 1.0]"
hCoV-19/USA/NY-NYCPHL-000762/2020|EPI_ISL_632142|2020-03-20,NON_GA,"[0.0, 1.0]"
hCoV-19/France/HDF-1465/2020|EPI_ISL_418218|2020-02-21,NON_GA,"[0.0, 1.0]"
hCoV-19/Sweden/20-50284/2020|EPI_ISL_455898|2020-03-10,NON_GA,"[0.0, 1.0]"
hCoV-19/USA/NY-NYUMC78/2020|EPI_ISL_421579|2020-03-18,NON_GA,"[0.0, 0.9999999999999999]"
hCoV-19/USA/CT-UW259/2020|EPI_ISL_418044|2020-03-14,NON_GA,"[0.0, 1.0]"
hCoV-19/USA/MI-QDX-402/2020|EPI_ISL_571141|2020-03-24,NON_GA,"[0.0, 1.0]"
hCoV-19/USA/MI-MDHHS-SC21138/2020|EPI_ISL_507914|2020-03-25,NON_GA,"[0.0, 0.9999999999999999]"
hCoV-19/USA/TX-QDX-835/2020|EPI_ISL_571688|2020-03-16,NON_GA,"[0.0, 1.0]"
hCoV-19/USA/NY-Wadsworth-31786-01/2020|EPI_ISL_676779|2020-03-27,NON_GA,"[0.0, 1.0]"
hCoV-19/USA/NY-NYUMC729/2020|EPI_ISL_451444|2020-03-20,NON_GA,"[0.0, 1.0]"
hCoV-19/Austria/CeMM0650/2020|EPI_ISL_583623|2020-03-30,NON_GA,"[0.0, 1.0]"
hCoV-19/South_Korea/KCDC2152/2020|EPI_ISL_498053|2020-03-23,NON_GA,"[0.0, 1.0]"
hCoV-19/USA/NY-NYUMC749/2020|EPI_ISL_451464|2020-03-21,NON_GA,"[0.0, 0.9999999999999999]"
hCoV-19/Germany/BW-FR0184/2020|EPI_ISL_852721|2020-03-19,NON_GA,"[0.0, 1.0]"
hCoV-19/USA/NY-NYCPHL-000261/2020|EPI_ISL_631787|2020-03-15,NON_GA,"[0.0, 0.9999999999999999]"
hCoV-19/USA/MI-MDHHS-SC20189/2020|EPI_ISL_436804|2020-03-11,NON_GA,"[0.0, 1.0]"
hCoV-19/Austria/CeMM0194/2020|EPI_ISL_438035|2020-03-14,NON_GA,"[0.0, 1.0]"
hCoV-19/USA/NY-Wadsworth-11284-01/2020|EPI_ISL_426043|2020-03-06,NON_GA,"[0.0, 1.0]"
hCoV-19/USA/MI-QDX-1313/2020|EPI_ISL_571967|2020-03-20,NON_GA,"[0.0, 1.0]"
hCoV-19/USA/NY-QDX-2067/2020|EPI_ISL_604371|2020-03-18,NON_GA,"[0.0, 0.9999999999999999]"
hCoV-19/Germany/HH-hpi-p1876/2020|EPI_ISL_776221|2020-03-23,NON_GA,"[0.0, 1.0]"
hCoV-19/Germany/HH-hpi-p1474/2020|EPI_ISL_775985|2020-03-14,NON_GA,"[0.0, 1.0]"
hCoV-19/USA/MI-UM-10033774911/2020|EPI_ISL_578103|2020-03-25,NON_GA,"[0.0, 0.9999999999999999]"
hCoV-19/Germany/BW-UKT-a033/2020|EPI_ISL_723088|2020-03-22,NON_GA,"[0.0, 1.0]"
hCoV-19/South_Korea/KCDC2176/2020|EPI_ISL_506970|2020-03-23,NON_GA,"[0.0, 1.0]"
hCoV-19/USA/NY-NYCPHL-000565/2020|EPI_ISL_632024|2020-03-29,NON_GA,"[0.0, 0.9999999999999999]"
hCoV-19/USA/NY-NYUMC307/2020|EPI_ISL_430334|2020-03-30,NON_GA,"[0.0, 1.0]"
hCoV-19/USA/MI-QDX-2372/2020|EPI_ISL_604701|2020-03-15,NON_GA,"[0.0, 0.9999999999999999]"
hCoV-19/Canada/QC-JUS-V5290932/2020|EPI_ISL_890868|2020-03-27,NON_GA,"[0.0, 1.0]"
hCoV-19/USA/CT-QDX-1450/2020|EPI_ISL_603806|2020-03-16,NON_GA,"[0.0, 1.0]"
hCoV-19/USA/MI-QDX-339/2020|EPI_ISL_571083|2020-03-23,NON_GA,"[0.0, 1.0]"
hCoV-19/Germany/BW-FR0187/2020|EPI_ISL_852719|2020-03-20,NON_GA,"[0.0, 1.0]"
hCoV-19/USA/UT-QDX-1808/2020|EPI_ISL_604135|2020-03-16,NON_GA,"[0.0, 1.0]"
hCoV-19/Thailand/Bangkok-0038/2020|EPI_ISL_429174|2020-03-25,NON_GA,"[0.0, 0.9999999999999999]"
hCoV-19/USA/MI-QDX-1690/2020|EPI_ISL_603973|2020-03-17,NON_GA,"[0.0, 1.0]"
hCoV-19/USA/MI-MDHHS-SC21911/2020|EPI_ISL_565972|2020-03-27,NON_GA,"[0.0, 1.0]"
hCoV-19/Germany/HH-hpi-p2302/2020|EPI_ISL_776434|2020-03-12,NON_GA,"[0.0, 0.9999999999999999]"
hCoV-19/France/ARA-07055/2020|EPI_ISL_508938|2020-03-09,NON_GA,"[0.0, 0.9999999999999999]"
hCoV-19/USA/CA-CZB-1218/2020|EPI_ISL_450467|2020-03-23,NON_GA,"[0.0, 1.0]"
hCoV-19/USA/NY-WCMP10F09P/2020|EPI_ISL_427574|2020-03-15,NON_GA,"[0.0, 0.9999999999999999]"
hCoV-19/France/IDF-3081/2020|EPI_ISL_443300|2020-03-17,NON_GA,"[0.0, 1.0]"
hCoV-19/Germany/HH-hpi-p1879/2020|EPI_ISL_776223|2020-03-24,NON_GA,"[0.0, 1.0]"
hCoV-19/USA/MI-QDX-331/2020|EPI_ISL_571075|2020-03-22,NON_GA,"[0.0, 1.0]"
hCoV-19/USA/NY-QDX-42/2020|EPI_ISL_467900|2020-03-16,NON_GA,"[0.0, 1.0]"
hCoV-19/USA/IN-Lilly-IPB0173-06bc02/2020|EPI_ISL_911444|2020-03-25,NON_GA,"[0.0, 0.9999999999999999]"
hCoV-19/USA/DE-DHSS-F918049/2020|EPI_ISL_593940|2020-03-26,NON_GA,"[0.0, 1.0]"
hCoV-19/USA/MI-QDX-485/2020|EPI_ISL_571219|2020-03-23,NON_GA,"[0.0, 1.0]"
hCoV-19/USA/NY-WCMP10F10P/2020|EPI_ISL_427575|2020-03-15,NON_GA,"[0.0, 0.9999999999999999]"
hCoV-19/USA/CA-QDX-809/2020|EPI_ISL_571502|2020-03-23,NON_GA,"[0.0, 1.0]"
hCoV-19/Germany/NI-IOV-P5446/2020|EPI_ISL_883182|2020-03-22,NON_GA,"[0.0, 1.0]"
hCoV-19/USA/MI-QDX-512/2020|EPI_ISL_571246|2020-03-24,NON_GA,"[0.0, 1.0]"
hCoV-19/USA/MI-QDX-1747/2020|EPI_ISL_604048|2020-03-17,NON_GA,"[0.0, 1.0]"
hCoV-19/Denmark/ALAB-SSI151/2020|EPI_ISL_429369|2020-03-09,NON_GA,"[0.0, 0.9999999999999999]"
hCoV-19/USA/MI-QDX-499/2020|EPI_ISL_571233|2020-03-22,NON_GA,"[0.0, 1.0]"
hCoV-19/France/PDL-SC620/2020|EPI_ISL_663264|2020-03-31,NON_GA,"[0.0, 1.0]"
hCoV-19/USA/WA-UW-2618/2020|EPI_ISL_486008|2020-03-30,NON_GA,"[0.0, 1.0]"
hCoV-19/Germany/BW-FR0264/2020|EPI_ISL_852681|2020-03-26,NON_GA,"[0.0, 1.0]"
hCoV-19/France/OCC-SC466/2020|EPI_ISL_644682|2020-03-05,NON_GA,"[0.0, 1.0]"
hCoV-19/Germany/HH-hpi-p1565/2020|EPI_ISL_776045|2020-03-15,NON_GA,"[0.0, 0.9999999999999999]"
hCoV-19/Germany/HH-hpi-p1665/2020|EPI_ISL_776087|2020-03-18,NON_GA,"[0.0, 0.9999999999999999]"
hCoV-19/Austria/CeMM0193/2020|EPI_ISL_438034|2020-03-14,NON_GA,"[0.0, 1.0]"
hCoV-19/France/BRE-2336/2020|EPI_ISL_416505|2020-03-02,NON_GA,"[0.0, 0.9999999999999999]"
hCoV-19/Germany/HH-hpi-p1446/2020|EPI_ISL_775965|2020-03-10,NON_GA,"[0.0, 1.0]"
hCoV-19/Sweden/20-08146/2020|EPI_ISL_429118|2020-03-11,NON_GA,"[0.0, 1.0]"
hCoV-19/USA/MI-QDX-502/2020|EPI_ISL_571236|2020-03-24,NON_GA,"[0.0, 1.0]"
hCoV-19/France/IDF_PSL_45/2020|EPI_ISL_1015059|2020-03-16,NON_GA,"[0.0, 1.0]"
hCoV-19/Germany/HH-hpi-p2185/2020|EPI_ISL_776413|2020-03-21,NON_GA,"[0.0, 0.9999999999999999]"
hCoV-19/Germany/HH-hpi-p1763/2020|EPI_ISL_776137|2020-03-19,NON_GA,"[0.0, 1.0]"
hCoV-19/USA/CA-SR0120/2020|EPI_ISL_445111|2020-03-26,NON_GA,"[0.0, 1.0]"
hCoV-19/Germany/NW-HHU-27/2020|EPI_ISL_419544|2020-03-15,NON_GA,"[0.0, 0.9999999999999999]"
hCoV-19/USA/DE-DHSS-F918464/2020|EPI_ISL_593969|2020-03-31,NON_GA,"[0.0, 1.0]"
hCoV-19/Germany/HH-hpi-p1456/2020|EPI_ISL_775971|2020-03-11,NON_GA,"[0.0, 1.0]"
hCoV-19/Germany/BAV-PL-virotum_vdni/2020|EPI_ISL_887413|2020-03-29,NON_GA,"[0.0, 0.9999999999999999]"
hCoV-19/Chile/MA-ISPCH-7/2020|EPI_ISL_445288|2020-03-20,NON_GA,"[0.0, 1.0]"
hCoV-19/USA/NY-NYCPHL-000550/2020|EPI_ISL_632010|2020-03-24,NON_GA,"[0.0, 1.0]"
hCoV-19/Germany/SH-ChVir3196/2020|EPI_ISL_729540|2020-03-22,NON_GA,"[0.0, 1.0]"
hCoV-19/Finland/25MS3E61/2020|EPI_ISL_1240101|2020-03-25,NON_GA,"[0.0, 0.9999999999999999]"
hCoV-19/Germany/HH-hpi-p2361/2020|EPI_ISL_776451|2020-03-22,NON_GA,"[0.0, 1.0]"
hCoV-19/USA/NY-Wadsworth-33279-01/2020|EPI_ISL_525638|2020-03-30,NON_GA,"[0.0, 1.0]"
hCoV-19/France/PAC-IHU-0852/2020|EPI_ISL_568986|2020-03-11,NON_GA,"[0.0, 1.0]"
hCoV-19/USA/MI-QDX-403/2020|EPI_ISL_571142|2020-03-24,NON_GA,"[0.0, 1.0]"
hCoV-19/France/IDF_HB_112003050431/2020|EPI_ISL_940388|2020-03-13,NON_GA,"[0.0, 0.9999999999999999]"
hCoV-19/USA/MI-MDHHS-SC21459/2020|EPI_ISL_507713|2020-03-22,NON_GA,"[0.0, 1.0]"
hCoV-19/Canada/QC-JUS-V5270613/2020|EPI_ISL_890503|2020-03-26,NON_GA,"[0.0, 1.0]"
hCoV-19/USA/NY-NYCPHL-000910/2020|EPI_ISL_632971|2020-03-20,NON_GA,"[0.0, 1.0]"
hCoV-19/USA/WA-UW-2087/2020|EPI_ISL_426083|2020-03-25,NON_GA,"[0.0, 0.9999999999999999]"
hCoV-19/Israel/701002561/2020|EPI_ISL_447288|2020-03-26,NON_GA,"[0.0, 1.0]"
hCoV-19/Germany/HH-hpi-p1485/2020|EPI_ISL_775995|2020-03-13,NON_GA,"[0.0, 0.9999999999999999]"
hCoV-19/Jordan/SR-036/2020|EPI_ISL_429996|2020-03-23,NON_GA,"[0.0, 1.0]"
hCoV-19/USA/CT-UW-3120/2020|EPI_ISL_485938|2020-03-27,NON_GA,"[0.0, 1.0]"
hCoV-19/Scotland/EDB153/2020|EPI_ISL_433074|2020-03-24,NON_GA,"[0.0, 1.0]"
hCoV-19/France/IDF_HB_112003050264/2020|EPI_ISL_940386|2020-03-13,NON_GA,"[0.0, 0.9999999999999999]"
hCoV-19/Germany/SH-ChVir3193/2020|EPI_ISL_729539|2020-03-22,NON_GA,"[0.0, 1.0]"
hCoV-19/Belgium/ITM_C030/2020|EPI_ISL_434376|2020-03-25,NON_GA,"[0.0, 0.9999999999999999]"
hCoV-19/USA/MI-UM-2006S000916/2020|EPI_ISL_484754|2020-03-29,NON_GA,"[0.0, 0.9999999999999999]"
hCoV-19/Canada/ON-OICR-SLB2804/2020|EPI_ISL_538335|2020-03-30,NON_GA,"[0.0, 1.0]"
hCoV-19/Germany/HH-hpi-p1581/2020|EPI_ISL_776056|2020-03-16,NON_GA,"[0.0, 1.0]"
hCoV-19/Germany/HH-hpi-p2354/2020|EPI_ISL_776449|2020-03-14,NON_GA,"[0.0, 1.0]"
hCoV-19/Austria/CeMM0893/2020|EPI_ISL_583746|2020-03-17,NON_GA,"[0.0, 1.0]"
hCoV-19/France/BRE-2335/2020|EPI_ISL_416504|2020-03-02,NON_GA,"[0.0, 0.9999999999999999]"
hCoV-19/USA/NY-PV09312/2020|EPI_ISL_450004|2020-03-21,NON_GA,"[0.0, 0.9999999999999999]"
hCoV-19/Switzerland/GR-ETHZ-100089/2020|EPI_ISL_451681|2020-03-12,NON_GA,"[0.0, 0.9999999999999999]"
hCoV-19/Netherlands/NA_197/2020|EPI_ISL_422732|2020-03-25,NON_GA,"[0.0, 0.9999999999999999]"
hCoV-19/USA/NY-PV09041/2020|EPI_ISL_421605|2020-03-20,NON_GA,"[0.0, 1.0]"
hCoV-19/Austria/CeMM0291/2020|EPI_ISL_438115|2020-03-27,NON_GA,"[0.0, 1.0]"
hCoV-19/USA/WA-UW-529/2020|EPI_ISL_570065|2020-03-12,NON_GA,"[0.0, 0.9999999999999999]"
hCoV-19/France/PAC-IHU-0668/2020|EPI_ISL_568921|2020-03-17,NON_GA,"[0.0, 1.0]"
hCoV-19/Switzerland/BL-42205193/2020|EPI_ISL_581734|2020-03-24,NON_GA,"[0.0, 1.0]"
hCoV-19/Germany/NW-HHU-47/2020|EPI_ISL_425131|2020-03-20,NON_GA,"[0.0, 1.0]"
hCoV-19/USA/TX-HMH035/2020|EPI_ISL_434744|2020-03-09,NON_GA,"[0.0, 0.9999999999999999]"
hCoV-19/Hangzhou/HZCDC7378/2020|EPI_ISL_482586|2020-03-25,NON_GA,"[0.0, 0.9999999999999999]"
hCoV-19/Germany/HH-hpi-p1475/2020|EPI_ISL_775986|2020-03-13,NON_GA,"[0.0, 0.9999999999999999]"
hCoV-19/USA/MI-QDX-1614/2020|EPI_ISL_603959|2020-03-17,NON_GA,"[0.0, 1.0]"
hCoV-19/Netherlands/LI-EMC-83/2020|EPI_ISL_523288|2020-03-21,NON_GA,"[0.0, 0.9999999999999999]"
hCoV-19/USA/NY-NYCPHL-000507/2020|EPI_ISL_631968|2020-03-25,NON_GA,"[0.0, 0.9999999999999999]"
hCoV-19/USA/MI-MDHHS-SC20110/2020|EPI_ISL_436822|2020-03-18,NON_GA,"[0.0, 0.9999999999999999]"
hCoV-19/USA/MI-QDX-316/2020|EPI_ISL_571060|2020-03-22,NON_GA,"[0.0, 1.0]"
hCoV-19/USA/NY-NYUMC315/2020|EPI_ISL_430342|2020-03-30,NON_GA,"[0.0, 1.0]"
hCoV-19/Denmark/ALAB-SSI-1272/2020|EPI_ISL_444841|2020-03-10,NON_GA,"[0.0, 1.0]"
hCoV-19/USA/GA-CDC-8816/2020|EPI_ISL_452120|2020-03-21,GA,"[1.0, 0.0]"
hCoV-19/USA/MI-UM-2006S000864/2020|EPI_ISL_484719|2020-03-29,NON_GA,"[0.0, 0.9999999999999999]"
hCoV-19/Canada/Qc-LSPQ-L00213861/2020|EPI_ISL_535721|2020-03-10,NON_GA,"[0.0, 1.0]"
hCoV-19/USA/MI-MDHHS-SC20221/2020|EPI_ISL_447191|2020-03-15,NON_GA,"[0.0, 0.9999999999999999]"
hCoV-19/England/BRIS-124C10/2020|EPI_ISL_443797|2020-03-25,NON_GA,"[0.0, 0.9999999999999999]"
hCoV-19/USA/NY-NYCPHL-000103/2020|EPI_ISL_631595|2020-03-25,NON_GA,"[0.0, 0.9999999999999999]"
hCoV-19/USA/FL-BPHL-0582/2020|EPI_ISL_508786|2020-03-21,NON_GA,"[0.0, 0.9999999999999999]"
hCoV-19/Switzerland/GE-ETHZ-100336/2020|EPI_ISL_574938|2020-03-18,NON_GA,"[0.0, 0.9999999999999999]"
hCoV-19/New_Zealand/20VR3158/2020|EPI_ISL_579448|2020-03-23,NON_GA,"[0.0, 1.0]"
hCoV-19/Germany/HH-hpi-p1791/2020|EPI_ISL_776162|2020-03-19,NON_GA,"[0.0, 1.0]"
hCoV-19/USA/WA-UW-3030/2020|EPI_ISL_486082|2020-03-26,NON_GA,"[0.0, 1.0]"
hCoV-19/USA/FL-TGH-0040/2020|EPI_ISL_1379449|2020-03-18,NON_GA,"[0.0, 0.9999999999999999]"
hCoV-19/USA/NY-NYCPHL-000553/2020|EPI_ISL_632013|2020-03-25,NON_GA,"[0.0, 0.9999999999999999]"
hCoV-19/France/IDF_HB_112003079669/2020|EPI_ISL_940486|2020-03-21,NON_GA,"[0.0, 0.9999999999999999]"
hCoV-19/Israel/2047364/2020|EPI_ISL_447393|2020-03-28,NON_GA,"[0.0, 1.0]"
hCoV-19/Austria/CeMM0921/2020|EPI_ISL_583773|2020-03-16,NON_GA,"[0.0, 1.0]"
hCoV-19/Australia/SAP029/2020|EPI_ISL_450193|2020-03-16,NON_GA,"[0.0, 1.0]"
hCoV-19/USA/NY-NYUMC26/2020|EPI_ISL_418972|2020-03-17,NON_GA,"[0.0, 1.0]"
hCoV-19/USA/MI-MDHHS-SC21913/2020|EPI_ISL_565974|2020-03-31,NON_GA,"[0.0, 1.0]"
hCoV-19/Iceland/64/2020|EPI_ISL_417856|2020-03-07,NON_GA,"[0.0, 1.0]"
hCoV-19/USA/WA-UW-2100/2020|EPI_ISL_426086|2020-03-25,NON_GA,"[0.0, 0.9999999999999999]"
hCoV-19/USA/FL-BPHL-0490/2020|EPI_ISL_495396|2020-03-23,NON_GA,"[0.0, 1.0]"
hCoV-19/Germany/NI-IOV-60137439/2020|EPI_ISL_883162|2020-03-23,NON_GA,"[0.0, 1.0]"
hCoV-19/France/HDF-4220/2020|EPI_ISL_428366|2020-03-30,NON_GA,"[0.0, 1.0]"
hCoV-19/Germany/HH-hpi-p1855/2020|EPI_ISL_776204|2020-03-23,NON_GA,"[0.0, 1.0]"
hCoV-19/USA/NY-NYUMC414/2020|EPI_ISL_435481|2020-03-30,NON_GA,"[0.0, 1.0]"
hCoV-19/France/PAC-IHU-0179/2020|EPI_ISL_569352|2020-03-26,NON_GA,"[0.0, 1.0]"
hCoV-19/Australia/NSW594/2020|EPI_ISL_478706|2020-03-28,NON_GA,"[0.0, 1.0]"
hCoV-19/Germany/BAV-PL-virotum_g3hl/2020|EPI_ISL_887381|2020-03-30,NON_GA,"[0.0, 1.0]"
hCoV-19/Austria/CeMM0033/2020|EPI_ISL_437922|2020-03-12,NON_GA,"[0.0, 0.9999999999999999]"
hCoV-19/USA/MI-MDHHS-SC20973/2020|EPI_ISL_507761|2020-03-26,NON_GA,"[0.0, 1.0]"
hCoV-19/Belgium/UGent-82/2020|EPI_ISL_468731|2020-03-11,NON_GA,"[0.0, 1.0]"
hCoV-19/USA/NY-NYUMC583/2020|EPI_ISL_444700|2020-03-30,NON_GA,"[0.0, 1.0]"
hCoV-19/Australia/VIC1275/2020|EPI_ISL_430687|2020-03-25,NON_GA,"[0.0, 0.9999999999999999]"
hCoV-19/Netherlands/NA_206/2020|EPI_ISL_422741|2020-03-25,NON_GA,"[0.0, 0.9999999999999999]"
hCoV-19/USA/UT-QDX-2505/2020|EPI_ISL_604856|2020-03-12,NON_GA,"[0.0, 0.9999999999999999]"
hCoV-19/USA/WI-WSLH-200085/2020|EPI_ISL_471249|2020-03-16,NON_GA,"[0.0, 1.0]"
hCoV-19/Austria/CeMM0126/2020|EPI_ISL_437982|2020-03-11,NON_GA,"[0.0, 1.0]"
hCoV-19/USA/NY-Wadsworth-96601-01/2020|EPI_ISL_676923|2020-03-20,NON_GA,"[0.0, 1.0]"
hCoV-19/Wales/PHWC-26B12/2020|EPI_ISL_422024|2020-03-29,NON_GA,"[0.0, 0.9999999999999999]"
hCoV-19/Switzerland/BS-ETHZ-101136/2020|EPI_ISL_451803|2020-03-30,NON_GA,"[0.0, 1.0]"
hCoV-19/USA/NY-Wadsworth-32317-01/2020|EPI_ISL_676782|2020-03-29,NON_GA,"[0.0, 0.9999999999999999]"
hCoV-19/Switzerland/SZ-ETHZ-100096/2020|EPI_ISL_451688|2020-03-12,NON_GA,"[0.0, 0.9999999999999999]"
hCoV-19/Fujian/IM3520001T/2020|EPI_ISL_431118|2020-03-13,NON_GA,"[0.0, 0.9999999999999999]"
hCoV-19/France/IDF-2284/2020|EPI_ISL_416501|2020-03-10,NON_GA,"[0.0, 1.0]"
hCoV-19/Germany/BAV-PL-virotum_5l8s/2020|EPI_ISL_887361|2020-03-27,NON_GA,"[0.0, 1.0]"
hCoV-19/USA/NY-NYUMC119/2020|EPI_ISL_421731|2020-03-18,NON_GA,"[0.0, 0.9999999999999999]"
hCoV-19/Belgium/VM-0325171/2020|EPI_ISL_420428|2020-03-25,NON_GA,"[0.0, 0.9999999999999999]"
hCoV-19/USA/CA-QDX-1872/2020|EPI_ISL_604186|2020-03-15,NON_GA,"[0.0, 0.9999999999999999]"
hCoV-19/USA/MI-MDHHS-SC20951/2020|EPI_ISL_507740|2020-03-19,NON_GA,"[0.0, 1.0]"
hCoV-19/USA/MI-QDX-351/2020|EPI_ISL_571095|2020-03-23,NON_GA,"[0.0, 1.0]"
hCoV-19/USA/MI-MDHHS-SC20957/2020|EPI_ISL_507746|2020-03-23,NON_GA,"[0.0, 1.0]"
hCoV-19/USA/WI-WSLH-200015/2020|EPI_ISL_471181|2020-03-29,NON_GA,"[0.0, 0.9999999999999999]"
hCoV-19/USA/NY-NYUMC114/2020|EPI_ISL_421726|2020-03-18,NON_GA,"[0.0, 0.9999999999999999]"
hCoV-19/USA/VA-DCLS-0604/2020|EPI_ISL_526821|2020-03-29,NON_GA,"[0.0, 0.9999999999999999]"
hCoV-19/Germany/HH-hpi-p1858/2020|EPI_ISL_776207|2020-03-23,NON_GA,"[0.0, 1.0]"
hCoV-19/Austria/CeMM0559/2020|EPI_ISL_475910|2020-03-11,NON_GA,"[0.0, 1.0]"
hCoV-19/Germany/ChVir2127/2020|EPI_ISL_729513|2020-03-16,NON_GA,"[0.0, 1.0]"
hCoV-19/France/PAC-IHU-0261/2020|EPI_ISL_569418|2020-03-31,NON_GA,"[0.0, 1.0]"
hCoV-19/USA/NY-QDX-2188/2020|EPI_ISL_604565|2020-03-15,NON_GA,"[0.0, 0.9999999999999999]"
hCoV-19/USA/FL-BPHL-0482/2020|EPI_ISL_495388|2020-03-19,NON_GA,"[0.0, 1.0]"
hCoV-19/USA/TX-DSHS-1198/2020|EPI_ISL_631660|2020-03-17,NON_GA,"[0.0, 1.0]"
hCoV-19/Norway/Trondheim-S10/2020|EPI_ISL_450348|2020-03-24,NON_GA,"[0.0, 1.0]"
hCoV-19/USA/NY-NYCPHL-000403/2020|EPI_ISL_631887|2020-03-24,NON_GA,"[0.0, 1.0]"
hCoV-19/Germany/BW-FR0271/2020|EPI_ISL_852678|2020-03-26,NON_GA,"[0.0, 1.0]"
hCoV-19/Germany/NW-ChVir-W1044-5680/2020|EPI_ISL_754046|2020-03-25,NON_GA,"[0.0, 0.9999999999999999]"
hCoV-19/Turkey/HSGM-942/2020|EPI_ISL_437315|2020-03-26,NON_GA,"[0.0, 1.0]"
hCoV-19/Germany/NW-HHU-156/2020|EPI_ISL_717977|2020-03-12,NON_GA,"[0.0, 0.9999999999999999]"
hCoV-19/USA/MI-QDX-2164/2020|EPI_ISL_604471|2020-03-17,NON_GA,"[0.0, 1.0]"
hCoV-19/USA/WI-WSLH-200262/2020|EPI_ISL_578472|2020-03-19,NON_GA,"[0.0, 1.0]"
hCoV-19/USA/MI-MDHHS-SC20236/2020|EPI_ISL_447206|2020-03-17,NON_GA,"[0.0, 1.0]"
hCoV-19/Germany/HH-hpi-p2116/2020|EPI_ISL_776360|2020-03-22,NON_GA,"[0.0, 1.0]"
hCoV-19/Netherlands/NA_217/2020|EPI_ISL_422752|2020-03-26,NON_GA,"[0.0, 1.0]"
hCoV-19/USA/MI-MDHHS-SC20331/2020|EPI_ISL_450610|2020-03-17,NON_GA,"[0.0, 1.0]"
hCoV-19/Canada/QC-JUS-V5271838/2020|EPI_ISL_890793|2020-03-26,NON_GA,"[0.0, 1.0]"
hCoV-19/Germany/BY-MVP-V2011675/2020|EPI_ISL_420907|2020-03-16,NON_GA,"[0.0, 1.0]"
hCoV-19/England/LIVE-A5F1F/2020|EPI_ISL_499668|2020-03-21,NON_GA,"[0.0, 0.9999999999999999]"
hCoV-19/USA/WI-WSLH-200101/2020|EPI_ISL_471265|2020-03-30,NON_GA,"[0.0, 1.0]"
hCoV-19/Germany/BY-MVP-0075/2020|EPI_ISL_437270|2020-03-29,NON_GA,"[0.0, 0.9999999999999999]"
hCoV-19/USA/UT-00346/2020|EPI_ISL_449804|2020-03-26,NON_GA,"[0.0, 1.0]"
hCoV-19/Denmark/ALAB-SSI-652/2020|EPI_ISL_437023|2020-03-28,NON_GA,"[0.0, 1.0]"
hCoV-19/USA/MI-MDHHS-SC20109/2020|EPI_ISL_436885|2020-03-25,NON_GA,"[0.0, 0.9999999999999999]"
hCoV-19/USA/WA-S569/2020|EPI_ISL_434329|2020-03-25,NON_GA,"[0.0, 0.9999999999999999]"
hCoV-19/Germany/SH-ChVir2119/2020|EPI_ISL_729510|2020-03-15,NON_GA,"[0.0, 0.9999999999999999]"
hCoV-19/USA/NY-NYU-VC-003/2020|EPI_ISL_481283|2020-03-11,NON_GA,"[0.0, 1.0]"
hCoV-19/Russia/MOS-RARI-1054/2020|EPI_ISL_678275|2020-03-18,NON_GA,"[0.0, 0.9999999999999999]"
hCoV-19/USA/CA-SR0201/2020|EPI_ISL_437583|2020-03-22,NON_GA,"[0.0, 1.0]"
hCoV-19/England/OXON-B387D/2020|EPI_ISL_534891|2020-03-17,NON_GA,"[0.0, 1.0]"
hCoV-19/USA/DC-HP00090/2020|EPI_ISL_438243|2020-03-27,NON_GA,"[0.0, 1.0]"
hCoV-19/Germany/NW-HHU-42-3/2020|EPI_ISL_425128|2020-03-20,NON_GA,"[0.0, 1.0]"
hCoV-19/USA/WI-WSLH-200060/2020|EPI_ISL_471225|2020-03-22,NON_GA,"[0.0, 1.0]"
hCoV-19/France/ARA-SC358/2020|EPI_ISL_660344|2020-03-08,NON_GA,"[0.0, 1.0]"
hCoV-19/Germany/BW-FR0183/2020|EPI_ISL_852722|2020-03-19,NON_GA,"[0.0, 1.0]"
hCoV-19/Germany/SH-ChVir2000/2020|EPI_ISL_729498|2020-03-09,NON_GA,"[0.0, 0.9999999999999999]"
hCoV-19/USA/MA-MGH-00021/2020|EPI_ISL_460150|2020-03-26,NON_GA,"[0.0, 1.0]"
hCoV-19/Netherlands/NA_100/2020|EPI_ISL_422649|2020-03-18,NON_GA,"[0.0, 0.9999999999999999]"
hCoV-19/USA/NY-WCMP12D08P/2020|EPI_ISL_427604|2020-03-16,NON_GA,"[0.0, 1.0]"
hCoV-19/USA/NY-PV09333/2020|EPI_ISL_450021|2020-03-18,NON_GA,"[0.0, 0.9999999999999999]"
hCoV-19/USA/WA-UW-2036/2020|EPI_ISL_477696|2020-03-23,NON_GA,"[0.0, 1.0]"
hCoV-19/USA/NY-NYCPHL-000517/2020|EPI_ISL_631978|2020-03-18,NON_GA,"[0.0, 0.9999999999999999]"
hCoV-19/USA/MI-QDX-324/2020|EPI_ISL_571068|2020-03-21,NON_GA,"[0.0, 0.9999999999999999]"
hCoV-19/Denmark/ALAB-SSI298/2020|EPI_ISL_429449|2020-03-10,NON_GA,"[0.0, 1.0]"
hCoV-19/England/LIVE-A57AE/2020|EPI_ISL_500150|2020-03-21,NON_GA,"[0.0, 0.9999999999999999]"
hCoV-19/USA/MI-MDHHS-SC20136/2020|EPI_ISL_436812|2020-03-13,NON_GA,"[0.0, 0.9999999999999999]"
hCoV-19/USA/NY-PV08493/2020|EPI_ISL_421429|2020-03-17,NON_GA,"[0.0, 1.0]"
hCoV-19/France/PAC-IHU-0086/2020|EPI_ISL_569301|2020-03-20,NON_GA,"[0.0, 1.0]"
hCoV-19/USA/NY-QDX-1231/2020|EPI_ISL_572007|2020-03-17,NON_GA,"[0.0, 1.0]"
hCoV-19/Belgium/rega-03061153/2020|EPI_ISL_738203|2020-03-06,NON_GA,"[0.0, 1.0]"
hCoV-19/USA/NY-NYCPHL-000080/2020|EPI_ISL_631573|2020-03-17,NON_GA,"[0.0, 1.0]"
hCoV-19/Thailand/Bangkok-CONI-0149/2020|EPI_ISL_455943|2020-03-15,NON_GA,"[0.0, 0.9999999999999999]"
hCoV-19/USA/MN31-MDH31/2020|EPI_ISL_417469|2020-03-12,NON_GA,"[0.0, 0.9999999999999999]"
hCoV-19/USA/MN-MDH-146/2020|EPI_ISL_427285|2020-03-22,NON_GA,"[0.0, 1.0]"
hCoV-19/Germany/HH-hpi-p1995/2020|EPI_ISL_776312|2020-03-27,NON_GA,"[0.0, 1.0]"
hCoV-19/Spain/AR-IBV-2475/2020|EPI_ISL_468775|2020-03-24,NON_GA,"[0.0, 1.0]"
hCoV-19/USA/CT-Yale-230/2020|EPI_ISL_463164|2020-03-31,NON_GA,"[0.0, 1.0]"
hCoV-19/Portugal/PT0667/2020|EPI_ISL_510926|2020-03-27,NON_GA,"[0.0, 1.0]"
hCoV-19/Austria/CeMM0905/2020|EPI_ISL_583758|2020-03-31,NON_GA,"[0.0, 1.0]"
hCoV-19/USA/CT-UW273/2020|EPI_ISL_418058|2020-03-13,NON_GA,"[0.0, 0.9999999999999999]"
hCoV-19/USA/MN-MDH-1450/2020|EPI_ISL_514669|2020-03-26,NON_GA,"[0.0, 1.0]"
hCoV-19/USA/NY-PV09068/2020|EPI_ISL_421617|2020-03-20,NON_GA,"[0.0, 1.0]"
hCoV-19/Chile/Santiago-PUC_MVL_0041/2020|EPI_ISL_801632|2020-03-28,NON_GA,"[0.0, 1.0]"
hCoV-19/USA/DC-HP00091/2020|EPI_ISL_457757|2020-03-20,NON_GA,"[0.0, 1.0]"
hCoV-19/Australia/NSW141/2020|EPI_ISL_427802|2020-03-22,NON_GA,"[0.0, 1.0]"
hCoV-19/Norway/CS-22/2020|EPI_ISL_666602|2020-03-24,NON_GA,"[0.0, 1.0]"
hCoV-19/USA/WI-GMF-00498/2020|EPI_ISL_422453|2020-03-31,NON_GA,"[0.0, 1.0]"
hCoV-19/Germany/HH-hpi-p1743/2020|EPI_ISL_776121|2020-03-14,NON_GA,"[0.0, 1.0]"
hCoV-19/Germany/HH-hpi-p1724/2020|EPI_ISL_776104|2020-03-15,NON_GA,"[0.0, 0.9999999999999999]"
hCoV-19/France/OCC-SC473/2020|EPI_ISL_660675|2020-03-16,NON_GA,"[0.0, 1.0]"
hCoV-19/Spain/MD-H12-25/2020|EPI_ISL_428688|2020-03-22,NON_GA,"[0.0, 1.0]"
hCoV-19/USA/NV-NSPHL-A0055/2020|EPI_ISL_515337|2020-03-28,NON_GA,"[0.0, 1.0]"
hCoV-19/USA/OK-QDX-749/2020|EPI_ISL_571551|2020-03-17,NON_GA,"[0.0, 1.0]"
hCoV-19/Germany/BAV-PL-virotum_iixy/2020|EPI_ISL_887386|2020-03-27,NON_GA,"[0.0, 1.0]"
hCoV-19/USA/CA-UCLA-202/2020|EPI_ISL_537512|2020-03-29,NON_GA,"[0.0, 0.9999999999999999]"
|GA-EHC-114K,GA,"[1.0, 0.0]"
hCoV-19/USA/DC-CDC-9092/2020|EPI_ISL_436041|2020-03-22,NON_GA,"[0.0, 1.0]"
hCoV-19/USA/AZ-TG273280/2020|EPI_ISL_426558|2020-03-25,NON_GA,"[0.0, 0.9999999999999999]"
hCoV-19/USA/MI-QDX-1047/2020|EPI_ISL_571723|2020-03-17,NON_GA,"[0.0, 1.0]"
hCoV-19/USA/NY-PV09140/2020|EPI_ISL_422511|2020-03-20,NON_GA,"[0.0, 1.0]"
hCoV-19/USA/CO-QDX-2274/2020|EPI_ISL_604522|2020-03-16,NON_GA,"[0.0, 1.0]"
hCoV-19/USA/MI-MDHHS-SC20070/2020|EPI_ISL_437157|2020-03-24,NON_GA,"[0.0, 1.0]"
hCoV-19/Switzerland/ZH-ETHZ-100803/2020|EPI_ISL_451753|2020-03-25,NON_GA,"[0.0, 0.9999999999999999]"
hCoV-19/USA/CA-ALSR-0483-SAN/2020|EPI_ISL_483171|2020-03-31,NON_GA,"[0.0, 1.0]"
hCoV-19/South_Korea/KCDC2144/2020|EPI_ISL_498045|2020-03-22,NON_GA,"[0.0, 1.0]"
hCoV-19/USA/WI-WSLH-200205/2020|EPI_ISL_578427|2020-03-23,NON_GA,"[0.0, 1.0]"
hCoV-19/USA/MI-UM-10033793415/2020|EPI_ISL_578119|2020-03-27,NON_GA,"[0.0, 1.0]"
hCoV-19/USA/WI-WSLH-200209/2020|EPI_ISL_578430|2020-03-25,NON_GA,"[0.0, 0.9999999999999999]"
hCoV-19/USA/TX-HMH081/2020|EPI_ISL_434790|2020-03-19,NON_GA,"[0.0, 1.0]"
hCoV-19/USA/IL-NM091/2020|EPI_ISL_444581|2020-03-19,NON_GA,"[0.0, 1.0]"
hCoV-19/USA/MI-UM-10033808445/2020|EPI_ISL_578124|2020-03-30,NON_GA,"[0.0, 1.0]"
hCoV-19/Spain/PV-IBV-000933/2020|EPI_ISL_452639|2020-03-27,NON_GA,"[0.0, 1.0]"
hCoV-19/USA/CA-QDX-2137/2020|EPI_ISL_604425|2020-03-21,NON_GA,"[0.0, 0.9999999999999999]"
hCoV-19/USA/NY-QDX-851/2020|EPI_ISL_571660|2020-03-16,NON_GA,"[0.0, 1.0]"
hCoV-19/Spain/AN-IBV-001211/2020|EPI_ISL_452560|2020-03-24,NON_GA,"[0.0, 1.0]"
hCoV-19/USA/NY-PV09420/2020|EPI_ISL_450099|2020-03-13,NON_GA,"[0.0, 0.9999999999999999]"
hCoV-19/USA/CA-QDX-2742/2020|EPI_ISL_605018|2020-03-17,NON_GA,"[0.0, 1.0]"
hCoV-19/France/PAC-IHU-0029/2020|EPI_ISL_569255|2020-03-17,NON_GA,"[0.0, 1.0]"
hCoV-19/Canada/ON-S120/2020|EPI_ISL_586293|2020-03-22,NON_GA,"[0.0, 1.0]"
hCoV-19/France/IDF_PSL_213/2020|EPI_ISL_1015073|2020-03-19,NON_GA,"[0.0, 1.0]"
hCoV-19/Norway/Bergen-01/2020|EPI_ISL_541970|2020-03-18,NON_GA,"[0.0, 0.9999999999999999]"
hCoV-19/USA/OR-UW-3406/2020|EPI_ISL_491001|2020-03-25,NON_GA,"[0.0, 0.9999999999999999]"
hCoV-19/USA/NY-NYUMC807/2020|EPI_ISL_456043|2020-03-27,NON_GA,"[0.0, 1.0]"
hCoV-19/Germany/SH-ChVir3054/2020|EPI_ISL_729524|2020-03-20,NON_GA,"[0.0, 1.0]"
hCoV-19/USA/NY-QDX-2732/2020|EPI_ISL_605053|2020-03-16,NON_GA,"[0.0, 1.0]"
hCoV-19/India/DL-NCDC-01326/2020|EPI_ISL_435063|2020-03-13,NON_GA,"[0.0, 0.9999999999999999]"
hCoV-19/USA/MI-QDX-405/2020|EPI_ISL_571144|2020-03-23,NON_GA,"[0.0, 1.0]"
hCoV-19/Germany/HH-hpi-p2304/2020|EPI_ISL_776436|2020-03-12,NON_GA,"[0.0, 0.9999999999999999]"
hCoV-19/Switzerland/ZH-ETHZ-100214/2020|EPI_ISL_575016|2020-03-18,NON_GA,"[0.0, 0.9999999999999999]"
hCoV-19/USA/NY-Wadsworth-27593-01/2020|EPI_ISL_525628|2020-03-22,NON_GA,"[0.0, 1.0]"
hCoV-19/Portugal/PT0411/2020|EPI_ISL_454135|2020-03-21,NON_GA,"[0.0, 0.9999999999999999]"
hCoV-19/USA/MI-QDX-1770/2020|EPI_ISL_604057|2020-03-17,NON_GA,"[0.0, 1.0]"
hCoV-19/USA/MI-QDX-737/2020|EPI_ISL_571470|2020-03-21,NON_GA,"[0.0, 0.9999999999999999]"
hCoV-19/USA/WA-QDX-2319/2020|EPI_ISL_604732|2020-03-16,NON_GA,"[0.0, 1.0]"
hCoV-19/England/BRIS-1249BF/2020|EPI_ISL_443825|2020-03-26,NON_GA,"[0.0, 1.0]"
hCoV-19/USA/MI-UM-2006S000969/2020|EPI_ISL_484776|2020-03-28,NON_GA,"[0.0, 1.0]"
hCoV-19/USA/MI-UM-2006S005728/2020|EPI_ISL_495596|2020-03-30,NON_GA,"[0.0, 1.0]"
hCoV-19/Germany/BB-ChVir-D934-5623/2020|EPI_ISL_753813|2020-03-14,NON_GA,"[0.0, 1.0]"
hCoV-19/France/IDF-2414/2020|EPI_ISL_421503|2020-03-12,NON_GA,"[0.0, 0.9999999999999999]"
hCoV-19/Israel/701002458/2020|EPI_ISL_447297|2020-03-24,NON_GA,"[0.0, 1.0]"
hCoV-19/France/ARA-06813/2020|EPI_ISL_417340|2020-03-07,NON_GA,"[0.0, 1.0]"
hCoV-19/USA/NY-QDX-2446/2020|EPI_ISL_604800|2020-03-14,NON_GA,"[0.0, 1.0]"
hCoV-19/Austria/CeMM0516/2020|EPI_ISL_475889|2020-03-28,NON_GA,"[0.0, 1.0]"
hCoV-19/USA/WI-UW-250/2020|EPI_ISL_428724|2020-03-13,NON_GA,"[0.0, 0.9999999999999999]"
hCoV-19/USA/CA-QDX-1398/2020|EPI_ISL_572058|2020-03-17,NON_GA,"[0.0, 1.0]"
hCoV-19/USA/UT-QDX-1859/2020|EPI_ISL_604173|2020-03-14,NON_GA,"[0.0, 1.0]"
hCoV-19/USA/DE-DHSS-F918926/2020|EPI_ISL_561358|2020-03-17,NON_GA,"[0.0, 1.0]"
hCoV-19/Luxembourg/LNS9512434/2020|EPI_ISL_419603|2020-03-16,NON_GA,"[0.0, 1.0]"
hCoV-19/USA/NY-NYCPHL-000540/2020|EPI_ISL_632000|2020-03-20,NON_GA,"[0.0, 1.0]"
hCoV-19/USA/WA-UW-3519/2020|EPI_ISL_792096|2020-03-26,NON_GA,"[0.0, 1.0]"
hCoV-19/France/IDF_HB_112003053608/2020|EPI_ISL_940418|2020-03-14,NON_GA,"[0.0, 1.0]"
hCoV-19/USA/FL-BPHL-0699/2020|EPI_ISL_509757|2020-03-29,NON_GA,"[0.0, 0.9999999999999999]"
hCoV-19/France/IDF_HB_112003900001/2020|EPI_ISL_940529|2020-03-04,NON_GA,"[0.0, 0.9999999999999999]"
hCoV-19/Germany/HH-hpi-p1689/2020|EPI_ISL_776099|2020-03-18,NON_GA,"[0.0, 0.9999999999999999]"
hCoV-19/USA/MI-MDHHS-SC21973/2020|EPI_ISL_566024|2020-03-15,NON_GA,"[0.0, 0.9999999999999999]"
hCoV-19/USA/MI-QDX-588/2020|EPI_ISL_571326|2020-03-19,NON_GA,"[0.0, 1.0]"
hCoV-19/USA/WA-UW-4541/2020|EPI_ISL_570050|2020-03-28,NON_GA,"[0.0, 1.0]"
hCoV-19/Germany/NW-HHU-29/2020|EPI_ISL_419546|2020-03-15,NON_GA,"[0.0, 0.9999999999999999]"
hCoV-19/USA/NY-PV09410/2020|EPI_ISL_450090|2020-03-12,NON_GA,"[0.0, 0.9999999999999999]"
hCoV-19/France/HDF-2150/2020|EPI_ISL_418224|2020-03-08,NON_GA,"[0.0, 1.0]"
hCoV-19/Switzerland/SZ-ETHZ-100140/2020|EPI_ISL_451724|2020-03-16,NON_GA,"[0.0, 1.0]"
hCoV-19/Germany/NW-HHU-42-2/2020|EPI_ISL_425127|2020-03-19,NON_GA,"[0.0, 1.0]"
hCoV-19/USA/NY-NYCPHL-000356/2020|EPI_ISL_631862|2020-03-11,NON_GA,"[0.0, 1.0]"
hCoV-19/USA/MI-QDX-504/2020|EPI_ISL_571238|2020-03-22,NON_GA,"[0.0, 1.0]"
hCoV-19/USA/NY-QDX-1176/2020|EPI_ISL_571986|2020-03-13,NON_GA,"[0.0, 0.9999999999999999]"
hCoV-19/USA/MI-QDX-303/2020|EPI_ISL_571047|2020-03-21,NON_GA,"[0.0, 0.9999999999999999]"
hCoV-19/USA/MI-MDHHS-SC20208/2020|EPI_ISL_447179|2020-03-19,NON_GA,"[0.0, 1.0]"
hCoV-19/USA/NY-NYUMC549/2020|EPI_ISL_444666|2020-03-30,NON_GA,"[0.0, 1.0]"
hCoV-19/USA/NY-NYCPHL-000858/2020|EPI_ISL_632234|2020-03-27,NON_GA,"[0.0, 1.0]"
hCoV-19/USA/NY-PV08494/2020|EPI_ISL_421430|2020-03-17,NON_GA,"[0.0, 1.0]"
hCoV-19/USA/NY-PV08474/2020|EPI_ISL_421417|2020-03-17,NON_GA,"[0.0, 1.0]"
hCoV-19/USA/NY-PV09181/2020|EPI_ISL_422540|2020-03-19,NON_GA,"[0.0, 1.0]"
hCoV-19/USA/NY-PV09401/2020|EPI_ISL_450082|2020-03-19,NON_GA,"[0.0, 1.0]"
hCoV-19/USA/NY-PV08444/2020|EPI_ISL_421395|2020-03-17,NON_GA,"[0.0, 1.0]"
hCoV-19/USA/NY-PV09483/2020|EPI_ISL_450155|2020-03-20,NON_GA,"[0.0, 1.0]"
hCoV-19/USA/NY-PV09439/2020|EPI_ISL_450116|2020-03-07,NON_GA,"[0.0, 1.0]"
hCoV-19/France/ARA-0873/2020|EPI_ISL_508875|2020-03-14,NON_GA,"[0.0, 1.0]"
hCoV-19/USA/NY-QDX-1177/2020|EPI_ISL_571987|2020-03-13,NON_GA,"[0.0, 0.9999999999999999]"
hCoV-19/USA/WA-UW117/2020|EPI_ISL_416655|2020-03-11,NON_GA,"[0.0, 1.0]"
hCoV-19/USA/NY-PV09032/2020|EPI_ISL_421602|2020-03-21,NON_GA,"[0.0, 0.9999999999999999]"
hCoV-19/USA/NY-PV09079/2020|EPI_ISL_421624|2020-03-20,NON_GA,"[0.0, 1.0]"
hCoV-19/Germany/HH-hpi-p1726/2020|EPI_ISL_776106|2020-03-15,NON_GA,"[0.0, 0.9999999999999999]"
hCoV-19/France/PAC-IHU-0216/2020|EPI_ISL_569381|2020-03-28,NON_GA,"[0.0, 1.0]"
hCoV-19/Switzerland/BS-UHB-42191158/2020|EPI_ISL_528091|2020-03-14,NON_GA,"[0.0, 1.0]"
hCoV-19/USA/WA-UW-4615/2020|EPI_ISL_515281|2020-03-26,NON_GA,"[0.0, 1.0]"
hCoV-19/USA/NY-NYUMC545/2020|EPI_ISL_444662|2020-03-31,NON_GA,"[0.0, 1.0]"
hCoV-19/USA/NY-PV09019/2020|EPI_ISL_421594|2020-03-21,NON_GA,"[0.0, 0.9999999999999999]"
hCoV-19/Israel/CVL-n-5936/2020|EPI_ISL_475018|2020-03-15,NON_GA,"[0.0, 0.9999999999999999]"
hCoV-19/USA/WA-UW-4406/2020|EPI_ISL_426136|2020-03-31,NON_GA,"[0.0, 1.0]"
hCoV-19/Netherlands/Overijssel_28/2020|EPI_ISL_460817|2020-03-16,NON_GA,"[0.0, 1.0]"
hCoV-19/Thailand/Bangkok-CONI-0227/2020|EPI_ISL_512869|2020-03-25,NON_GA,"[0.0, 0.9999999999999999]"
hCoV-19/Canada/QC-JUS-V5281616/2020|EPI_ISL_890765|2020-03-28,NON_GA,"[0.0, 1.0]"
hCoV-19/USA/UT-QDX-2302/2020|EPI_ISL_604616|2020-03-13,NON_GA,"[0.0, 0.9999999999999999]"
hCoV-19/France/IDF_HB_112003053185/2020|EPI_ISL_940408|2020-03-14,NON_GA,"[0.0, 1.0]"
hCoV-19/USA/CA-CZB072/2020|EPI_ISL_429030|2020-03-28,NON_GA,"[0.0, 1.0]"
hCoV-19/USA/MD-HP00159/2020|EPI_ISL_457788|2020-03-23,NON_GA,"[0.0, 1.0]"
hCoV-19/USA/NY-PV09157/2020|EPI_ISL_422524|2020-03-22,NON_GA,"[0.0, 1.0]"
hCoV-19/Germany/HH-hpi-p1756/2020|EPI_ISL_776131|2020-03-19,NON_GA,"[0.0, 1.0]"
hCoV-19/USA/TX-DSHS-1223/2020|EPI_ISL_631683|2020-03-25,NON_GA,"[0.0, 0.9999999999999999]"
hCoV-19/USA/IN-Lilly-IPB0173-06bc01/2020|EPI_ISL_911443|2020-03-25,NON_GA,"[0.0, 0.9999999999999999]"
hCoV-19/Denmark/ALAB-SSI-834/2020|EPI_ISL_437677|2020-03-28,NON_GA,"[0.0, 1.0]"
hCoV-19/USA/MI-UM-2006S000883/2020|EPI_ISL_484733|2020-03-24,NON_GA,"[0.0, 1.0]"
hCoV-19/Spain/CT-IBV-003164/2020|EPI_ISL_510260|2020-03-16,NON_GA,"[0.0, 1.0]"
hCoV-19/Fujian/IM3520014T/2020|EPI_ISL_431782|2020-03-22,NON_GA,"[0.0, 1.0]"
hCoV-19/USA/ME-HETL-J0089/2020|EPI_ISL_513498|2020-03-22,NON_GA,"[0.0, 1.0]"
hCoV-19/USA/OR-PROV-223/2020|EPI_ISL_482458|2020-03-27,NON_GA,"[0.0, 1.0]"
NODE_0003075,NON_GA,"[0.003057146714101812, 0.9969428532858983]"
hCoV-19/USA/NY-NYCPHL-000276/2020|EPI_ISL_631802|2020-03-19,NON_GA,"[0.0, 1.0]"
hCoV-19/USA/NY-PV08477/2020|EPI_ISL_421419|2020-03-18,NON_GA,"[0.0, 1.0]"
NODE_0003073,NON_GA,"[0.0029800788680466477, 0.9970199211319534]"
hCoV-19/Brazil/BA-39.1/2020|EPI_ISL_1068353|2020-03-17,NON_GA,"[0.0, 1.0]"
hCoV-19/USA/CA-QDX-2175/2020|EPI_ISL_604442|2020-03-19,NON_GA,"[0.0, 1.0]"
NODE_0003060,NON_GA,"[0.002236653351035254, 0.9977633466489647]"
hCoV-19/USA/NY-PV09006/2020|EPI_ISL_421593|2020-03-20,NON_GA,"[0.0, 1.0]"
hCoV-19/USA/NY-QDX-2689/2020|EPI_ISL_605039|2020-03-15,NON_GA,"[0.0, 1.0]"
NODE_0003029,NON_GA,"[0.00682789595963143, 0.9931721040403686]"
hCoV-19/USA/CA-ALSR-1687/2020|EPI_ISL_494744|2020-03-25,NON_GA,"[0.0, 1.0]"
hCoV-19/USA/CA-QDX-1172/2020|EPI_ISL_571819|2020-03-28,NON_GA,"[0.0, 0.9999999999999999]"
NODE_0002988,NON_GA,"[0.007243129685536081, 0.9927568703144638]"
hCoV-19/USA/CA-ALSR-0699-SAN/2020|EPI_ISL_483310|2020-03-28,NON_GA,"[0.0, 0.9999999999999999]"
hCoV-19/USA/CA-ALSR-1435/2020|EPI_ISL_494601|2020-03-27,NON_GA,"[0.0, 1.0]"
NODE_0002983,NON_GA,"[0.00818314307354611, 0.9918168569264539]"
hCoV-19/USA/CA-ALSR-0939-SAN/2020|EPI_ISL_483425|2020-03-30,NON_GA,"[0.0, 1.0]"
hCoV-19/USA/CA-ALSR-0704-SAN/2020|EPI_ISL_483313|2020-03-30,NON_GA,"[0.0, 1.0]"
NODE_0002974,NON_GA,"[0.0035285880015623406, 0.9964714119984376]"
hCoV-19/France/PAC-IHU-0076/2020|EPI_ISL_569293|2020-03-20,NON_GA,"[0.0, 1.0]"
hCoV-19/France/PAC-SC446/2020|EPI_ISL_644710|2020-03-18,NON_GA,"[0.0, 1.0]"
NODE_0002971,NON_GA,"[0.002748916665996505, 0.9972510833340036]"
hCoV-19/USA/WY-WYPHL007/2020|EPI_ISL_421544|2020-03-15,NON_GA,"[0.0, 1.0]"
hCoV-19/USA/WY-WYPHL-00060/2020|EPI_ISL_462952|2020-03-26,NON_GA,"[0.0, 1.0]"
NODE_0002962,NON_GA,"[0.0029220197656416994, 0.9970779802343582]"
hCoV-19/Poland/PL_P36/2020|EPI_ISL_455449|2020-03-15,NON_GA,"[0.0, 1.0]"
hCoV-19/Poland/PL_P27/2020|EPI_ISL_455440|2020-03-27,NON_GA,"[0.0, 1.0]"
NODE_0002938,NON_GA,"[0.008472353370154999, 0.991527646629845]"
hCoV-19/France/ARA-SC385/2020|EPI_ISL_660357|2020-03-17,NON_GA,"[0.0, 0.9999999999999999]"
hCoV-19/France/IDF_PSL_153/2020|EPI_ISL_1015080|2020-03-20,NON_GA,"[0.0, 1.0]"
NODE_0002940,NON_GA,"[0.006230144336821754, 0.9937698556631782]"
hCoV-19/Germany/SH-ChVir3192/2020|EPI_ISL_729538|2020-03-22,NON_GA,"[0.0, 1.0]"
hCoV-19/Austria/CeMM0376/2020|EPI_ISL_475820|2020-03-28,NON_GA,"[0.0, 1.0]"
NODE_0002924,NON_GA,"[0.004241749047397893, 0.995758250952602]"
hCoV-19/Dominican_Republic/ICGEB_UNIBE051/2020|EPI_ISL_523811|2020-03-01,NON_GA,"[0.0, 1.0]"
hCoV-19/Germany/SH-ChVir3214/2020|EPI_ISL_729544|2020-03-23,NON_GA,"[0.0, 0.9999999999999999]"
NODE_0002916,NON_GA,"[0.008852822742836842, 0.9911471772571631]"
hCoV-19/France/PAC-IHU-0662/2020|EPI_ISL_568920|2020-03-16,NON_GA,"[0.0, 1.0]"
hCoV-19/USA/NY-NYUMC560/2020|EPI_ISL_444677|2020-03-31,NON_GA,"[0.0, 1.0]"
NODE_0002898,NON_GA,"[0.0039948765070493926, 0.9960051234929506]"
hCoV-19/USA/NY-NYUMC64/2020|EPI_ISL_420579|2020-03-18,NON_GA,"[0.0, 1.0]"
hCoV-19/Russia/Orenburg-80305/2020|EPI_ISL_428902|2020-03-23,NON_GA,"[0.0, 0.9999999999999999]"
NODE_0002900,NON_GA,"[0.009296481710101124, 0.9907035182898989]"
hCoV-19/Switzerland/BE-UNIBE-186-3956/2020|EPI_ISL_574825|2020-03-22,NON_GA,"[0.0, 1.0]"
hCoV-19/England/20139051702/2020|EPI_ISL_420529|2020-03-27,NON_GA,"[0.0, 1.0]"
NODE_0002888,NON_GA,"[0.001759356281845754, 0.9982406437181541]"
hCoV-19/USA/MI-MDHHS-SC21970/2020|EPI_ISL_566021|2020-03-14,NON_GA,"[0.0, 0.9999999999999999]"
hCoV-19/USA/MI-QDX-1135/2020|EPI_ISL_571865|2020-03-21,NON_GA,"[0.0, 1.0]"
NODE_0002889,NON_GA,"[0.0013797804671648066, 0.9986202195328352]"
hCoV-19/Germany/HH-hpi-p1568/2020|EPI_ISL_776047|2020-03-15,NON_GA,"[0.0, 1.0]"
hCoV-19/Germany/HH-hpi-p1574/2020|EPI_ISL_776052|2020-03-15,NON_GA,"[0.0, 1.0]"
NODE_0002878,NON_GA,"[0.006971639294932361, 0.9930283607050678]"
hCoV-19/USA/DC-DFS-PHL-0043/2020|EPI_ISL_804914|2020-03-25,NON_GA,"[0.0, 1.0]"
hCoV-19/USA/DC-CDC-1734/2020|EPI_ISL_436042|2020-03-29,NON_GA,"[0.0, 0.9999999999999999]"
NODE_0002874,NON_GA,"[0.0007377667519438347, 0.9992622332480562]"
hCoV-19/France/ARA-08067/2020|EPI_ISL_508946|2020-03-12,NON_GA,"[0.0, 0.9999999999999999]"
hCoV-19/France/ARA-12632/2020|EPI_ISL_420614|2020-03-23,NON_GA,"[0.0, 1.0]"
NODE_0002875,NON_GA,"[0.005078697443237397, 0.9949213025567626]"
hCoV-19/Germany/NI-IOV-P5417/2020|EPI_ISL_883180|2020-03-21,NON_GA,"[0.0, 0.9999999999999999]"
hCoV-19/Germany/NI-IOV-P5458/2020|EPI_ISL_883183|2020-03-23,NON_GA,"[0.0, 1.0]"
NODE_0002871,NON_GA,"[0.007728509645631711, 0.9922714903543683]"
hCoV-19/Czech_Republic/FNHK-116/2020|EPI_ISL_895794|2020-03-30,NON_GA,"[0.0, 1.0]"
hCoV-19/Czech_Republic/FNHK-09701/2020|EPI_ISL_895830|2020-03-28,NON_GA,"[0.0, 1.0]"
NODE_0002827,NON_GA,"[0.006626877774317771, 0.9933731222256823]"
hCoV-19/USA/CA-CSMC29/2020|EPI_ISL_475639|2020-03-25,NON_GA,"[0.0, 1.0]"
hCoV-19/USA/CA-CSMC89/2020|EPI_ISL_475705|2020-03-26,NON_GA,"[0.0, 1.0]"
NODE_0002815,NON_GA,"[0.0007372027497235774, 0.9992627972502763]"
hCoV-19/USA/MI-MDHHS-SC20292/2020|EPI_ISL_447089|2020-03-14,NON_GA,"[0.0, 1.0]"
hCoV-19/USA/MI-MDHHS-SC20130/2020|EPI_ISL_436815|2020-03-14,NON_GA,"[0.0, 1.0]"
NODE_0002808,NON_GA,"[0.008347414952842717, 0.9916525850471574]"
hCoV-19/USA/MN-QDX-1733/2020|EPI_ISL_604075|2020-03-16,NON_GA,"[0.0, 1.0]"
hCoV-19/USA/NY-PV09504/2020|EPI_ISL_450170|2020-03-20,NON_GA,"[0.0, 1.0]"
NODE_0002812,NON_GA,"[0.003017017979138875, 0.9969829820208612]"
hCoV-19/Luxembourg/LNS9598665/2020|EPI_ISL_429750|2020-03-18,NON_GA,"[0.0, 1.0]"
hCoV-19/Thailand/NIH-2982/2020|EPI_ISL_430842|2020-03-18,NON_GA,"[0.0, 1.0]"
NODE_0002788,NON_GA,"[0.0007296373058892875, 0.9992703626941106]"
hCoV-19/Peru/LIM-INS-339/2020|EPI_ISL_1111237|2020-03-12,NON_GA,"[0.0, 1.0]"
hCoV-19/USA/NY-NYUMC918/2020|EPI_ISL_467411|2020-03-18,NON_GA,"[0.0, 1.0]"
NODE_0002781,NON_GA,"[0.008815494901397875, 0.991184505098602]"
hCoV-19/USA/NY-PV08471/2020|EPI_ISL_421414|2020-03-18,NON_GA,"[0.0, 1.0]"
hCoV-19/USA/NY-NYCPHL-000404/2020|EPI_ISL_631888|2020-03-24,NON_GA,"[0.0, 1.0]"
NODE_0002771,NON_GA,"[0.008510849343719552, 0.9914891506562805]"
hCoV-19/Germany/HH-hpi-p1731/2020|EPI_ISL_776111|2020-03-15,NON_GA,"[0.0, 1.0]"
hCoV-19/Austria/CeMM0899/2020|EPI_ISL_583752|2020-03-25,NON_GA,"[0.0, 1.0]"
NODE_0002768,NON_GA,"[0.00800260694443685, 0.9919973930555631]"
hCoV-19/USA/NY-NYUMC521/2020|EPI_ISL_444638|2020-03-30,NON_GA,"[0.0, 1.0]"
hCoV-19/Ireland/D-NVRL-20G44563/2020|EPI_ISL_605067|2020-03-29,NON_GA,"[0.0, 1.0]"
NODE_0002763,NON_GA,"[0.0006480515896805126, 0.9993519484103194]"
hCoV-19/USA/CT-QDX-2666/2020|EPI_ISL_604920|2020-03-13,NON_GA,"[0.0, 0.9999999999999999]"
hCoV-19/USA/PA-QDX-2606/2020|EPI_ISL_604960|2020-03-15,NON_GA,"[0.0, 1.0]"
NODE_0002757,NON_GA,"[0.004410967286379299, 0.9955890327136208]"
hCoV-19/USA/MI-MDHHS-SC20207/2020|EPI_ISL_447178|2020-03-19,NON_GA,"[0.0, 1.0]"
hCoV-19/USA/MI-QDX-380/2020|EPI_ISL_571122|2020-03-24,NON_GA,"[0.0, 1.0]"
NODE_0002745,NON_GA,"[0.008798662428263826, 0.9912013375717362]"
hCoV-19/USA/CA-QDX-2390/2020|EPI_ISL_604665|2020-03-16,NON_GA,"[0.0, 1.0]"
hCoV-19/USA/NY-NYUMC526/2020|EPI_ISL_444643|2020-03-29,NON_GA,"[0.0, 1.0]"
NODE_0002731,NON_GA,"[0.005509320276619179, 0.9944906797233809]"
hCoV-19/USA/CA-QDX-697/2020|EPI_ISL_571416|2020-03-20,NON_GA,"[0.0, 0.9999999999999999]"
hCoV-19/USA/MI-MDHHS-SC20234/2020|EPI_ISL_447204|2020-03-28,NON_GA,"[0.0, 1.0]"
NODE_0002697,NON_GA,"[0.0076006814164207995, 0.9923993185835791]"
hCoV-19/USA/UT-QDX-2217/2020|EPI_ISL_604588|2020-03-14,NON_GA,"[0.0, 0.9999999999999999]"
hCoV-19/USA/NY-Wadsworth-16084-01/2020|EPI_ISL_676737|2020-03-15,NON_GA,"[0.0, 1.0]"
NODE_0002680,NON_GA,"[0.007471240274568281, 0.9925287597254318]"
hCoV-19/Germany/NW-UBI-3/2020|EPI_ISL_602284|2020-03-26,NON_GA,"[0.0, 1.0]"
hCoV-19/Germany/NW-UBI-1/2020|EPI_ISL_602282|2020-03-31,NON_GA,"[0.0, 1.0]"
NODE_0002671,NON_GA,"[0.004992161758279083, 0.9950078382417209]"
hCoV-19/Germany/HH-hpi-p1686/2020|EPI_ISL_776096|2020-03-18,NON_GA,"[0.0, 1.0]"
hCoV-19/England/CAMB-75C7B/2020|EPI_ISL_438301|2020-03-30,NON_GA,"[0.0, 0.9999999999999999]"
NODE_0003026,NON_GA,"[0.007935424315626771, 0.9920645756843733]"
hCoV-19/France/IDF_HB_112003064531/2020|EPI_ISL_940440|2020-03-17,NON_GA,"[0.0, 0.9999999999999999]"
NODE_0003027,NON_GA,"[0.0035204738559564087, 0.9964795261440436]"
hCoV-19/USA/NY-QDX-869/2020|EPI_ISL_571675|2020-03-16,NON_GA,"[0.0, 1.0]"
hCoV-19/England/NOTT-10EB3D/2020|EPI_ISL_425643|2020-03-30,NON_GA,"[0.0, 1.0]"
NODE_0003022,NON_GA,"[0.00879504236919566, 0.9912049576308043]"
hCoV-19/USA/NY-PV09037/2020|EPI_ISL_421603|2020-03-21,NON_GA,"[0.0, 0.9999999999999999]"
NODE_0003023,NON_GA,"[0.006494594557600634, 0.9935054054423993]"
hCoV-19/USA/CA-QDX-936/2020|EPI_ISL_571582|2020-03-24,NON_GA,"[0.0, 0.9999999999999999]"
hCoV-19/USA/CA-ALSR-0718-SAN/2020|EPI_ISL_483321|2020-03-27,NON_GA,"[0.0, 1.0]"
NODE_0003019,NON_GA,"[0.0037995880009611, 0.9962004119990389]"
hCoV-19/South_Korea/KCDC2174/2020|EPI_ISL_506968|2020-03-23,NON_GA,"[0.0, 0.9999999999999999]"
hCoV-19/USA/CA-QDX-1622/2020|EPI_ISL_603904|2020-03-19,NON_GA,"[0.0, 1.0]"
hCoV-19/Canada/Qc-LSPQ-L00243345/2020|EPI_ISL_536359|2020-03-30,NON_GA,"[0.0, 1.0]"
NODE_0002942,NON_GA,"[0.0070142293045399534, 0.9929857706954601]"
hCoV-19/Turkey/HSGM-1049/2020|EPI_ISL_437309|2020-03-26,NON_GA,"[0.0, 1.0]"
hCoV-19/Switzerland/VS-ETHZ-100090/2020|EPI_ISL_451682|2020-03-13,NON_GA,"[0.0, 1.0]"
hCoV-19/USA/NY-QDX-2696/2020|EPI_ISL_605041|2020-03-14,NON_GA,"[0.0, 1.0]"
NODE_0002944,NON_GA,"[0.00657051623838354, 0.9934294837616164]"
hCoV-19/France/BRE-2349/2020|EPI_ISL_416512|2020-03-07,NON_GA,"[0.0, 1.0]"
NODE_0002945,NON_GA,"[0.005871010507895692, 0.9941289894921043]"
hCoV-19/France/IDF_PSL_188/2020|EPI_ISL_1015091|2020-03-21,NON_GA,"[0.0, 0.9999999999999999]"
hCoV-19/France/BRE-5681/2020|EPI_ISL_443290|2020-03-31,NON_GA,"[0.0, 0.9999999999999999]"
NODE_0002933,NON_GA,"[0.001378466022748527, 0.9986215339772514]"
hCoV-19/Czech_Republic/IAB20_006_42/2020|EPI_ISL_889322|2020-03-24,NON_GA,"[0.0, 1.0]"
hCoV-19/Spain/MD-IBV-001911/2020|EPI_ISL_467066|2020-03-16,NON_GA,"[0.0, 1.0]"
hCoV-19/Spain/AN-IBV-001914/2020|EPI_ISL_467085|2020-03-16,NON_GA,"[0.0, 1.0]"
NODE_0002910,NON_GA,"[0.005020050014625907, 0.9949799499853741]"
hCoV-19/France/HDF-1986/2020|EPI_ISL_414634|2020-03-04,NON_GA,"[0.0, 1.0]"
NODE_0002911,NON_GA,"[0.00127592841603441, 0.9987240715839655]"
hCoV-19/Spain/VC-FISABIO-117/2020|EPI_ISL_436212|2020-03-13,NON_GA,"[0.0, 0.9999999999999999]"
hCoV-19/Spain/VC-IBV-98003496/2020|EPI_ISL_539286|2020-03-22,NON_GA,"[0.0, 1.0]"
NODE_0002912,NON_GA,"[0.006236060193633001, 0.993763939806367]"
hCoV-19/USA/MN-MDH-1433/2020|EPI_ISL_514652|2020-03-30,NON_GA,"[0.0, 1.0]"
hCoV-19/USA/ID-UW-3888/2020|EPI_ISL_427166|2020-03-25,NON_GA,"[0.0, 1.0]"
hCoV-19/USA/WA-UW-2540/2020|EPI_ISL_485997|2020-03-30,NON_GA,"[0.0, 1.0]"
NODE_0002902,NON_GA,"[0.005323050844399097, 0.9946769491556009]"
hCoV-19/USA/MI-QDX-463/2020|EPI_ISL_571198|2020-03-22,NON_GA,"[0.0, 1.0]"
NODE_0002903,NON_GA,"[0.00027861572739808037, 0.9997213842726019]"
hCoV-19/France/HDF-1871/2020|EPI_ISL_414630|2020-03-03,NON_GA,"[0.0, 1.0]"
hCoV-19/France/HDF-2595/2020|EPI_ISL_418237|2020-03-16,NON_GA,"[0.0, 1.0]"
NODE_0002833,NON_GA,"[0.00725846784614742, 0.9927415321538526]"
hCoV-19/USA/IL-NM012/2020|EPI_ISL_444524|2020-03-17,NON_GA,"[0.0, 1.0]"
hCoV-19/USA/IL-QDX-686/2020|EPI_ISL_571435|2020-03-18,NON_GA,"[0.0, 0.9999999999999999]"
hCoV-19/USA/AZ-TG269863/2020|EPI_ISL_426529|2020-03-16,NON_GA,"[0.0, 0.9999999999999999]"
NODE_0002824,NON_GA,"[0.005393904606497398, 0.9946060953935026]"
hCoV-19/USA/NY-SURV0475/2020|EPI_ISL_436069|2020-03-09,NON_GA,"[0.0, 1.0]"
hCoV-19/USA/NY-SURV0863/2020|EPI_ISL_436075|2020-03-10,NON_GA,"[0.0, 1.0]"
hCoV-19/USA/NY-SURV0988/2020|EPI_ISL_436080|2020-03-18,NON_GA,"[0.0, 0.9999999999999999]"
NODE_0002740,NON_GA,"[0.0005363938687897537, 0.9994636061312103]"
hCoV-19/France/IDF_PSL_106/2020|EPI_ISL_1015326|2020-03-23,NON_GA,"[0.0, 1.0]"
hCoV-19/Morocco/RMPS-04/2020|EPI_ISL_469052|2020-03-30,NON_GA,"[0.0, 0.9999999999999999]"
hCoV-19/France/IDF_PSL_115/2020|EPI_ISL_1015222|2020-03-12,NON_GA,"[0.0, 0.9999999999999999]"
NODE_0002684,NON_GA,"[0.0035087820940462875, 0.9964912179059537]"
hCoV-19/Switzerland/BS-42208062/2020|EPI_ISL_581793|2020-03-26,NON_GA,"[0.0, 0.9999999999999999]"
hCoV-19/France/BRE-5336/2020|EPI_ISL_443268|2020-03-18,NON_GA,"[0.0, 1.0]"
hCoV-19/Japan/PG-0766/2020|EPI_ISL_684376|2020-03-26,NON_GA,"[0.0, 0.9999999999999999]"
NODE_0002980,NON_GA,"[0.0028814695584874427, 0.9971185304415127]"
hCoV-19/USA/WA-UW-2609/2020|EPI_ISL_486006|2020-03-29,NON_GA,"[0.0, 1.0]"
hCoV-19/USA/WA-UW-2219/2020|EPI_ISL_426118|2020-03-25,NON_GA,"[0.0, 0.9999999999999999]"
hCoV-19/USA/WA-UW-1646/2020|EPI_ISL_424187|2020-03-20,NON_GA,"[0.0, 1.0]"
hCoV-19/USA/WA-UW-1870/2020|EPI_ISL_424293|2020-03-23,NON_GA,"[0.0, 1.0]"
NODE_0002906,NON_GA,"[0.008190070266165647, 0.9918099297338343]"
hCoV-19/Bulgaria/23/2020|EPI_ISL_480303|2020-03-30,NON_GA,"[0.0, 1.0]"
hCoV-19/Denmark/ALAB-HH57/2020|EPI_ISL_429305|2020-03-17,NON_GA,"[0.0, 1.0]"
hCoV-19/Sweden/20-08693/2020|EPI_ISL_429134|2020-03-24,NON_GA,"[0.0, 1.0]"
hCoV-19/Denmark/DCGC-1914/2020|EPI_ISL_622505|2020-03-30,NON_GA,"[0.0, 1.0]"
NODE_0002829,NON_GA,"[0.00841193489416379, 0.9915880651058362]"
hCoV-19/USA/NY-PV08496/2020|EPI_ISL_421432|2020-03-17,NON_GA,"[0.0, 1.0]"
NODE_0002830,NON_GA,"[0.0062812567541303405, 0.9937187432458696]"
hCoV-19/USA/MI-MDHHS-SC20476/2020|EPI_ISL_460015|2020-03-31,NON_GA,"[0.0, 1.0]"
hCoV-19/USA/PA-MGSC30-05/2020|EPI_ISL_436481|2020-03-26,NON_GA,"[0.0, 1.0]"
hCoV-19/USA/PA-MGEL84/2020|EPI_ISL_454368|2020-03-31,NON_GA,"[0.0, 1.0]"
NODE_0002947,NON_GA,"[0.00238949857817058, 0.9976105014218295]"
hCoV-19/USA/FL-TGH-0072/2020|EPI_ISL_1379481|2020-03-23,NON_GA,"[0.0, 1.0]"
hCoV-19/USA/OH-ODH-SC21723/2020|EPI_ISL_935521|2020-03-21,NON_GA,"[0.0, 1.0]"
hCoV-19/USA/NJ-NYUMC553/2020|EPI_ISL_444670|2020-03-30,NON_GA,"[0.0, 1.0]"
hCoV-19/Australia/NSW119/2020|EPI_ISL_427669|2020-03-22,NON_GA,"[0.0, 1.0]"
hCoV-19/Australia/WA315/2020|EPI_ISL_596858|2020-03-27,NON_GA,"[0.0, 1.0]"
NODE_0002853,NON_GA,"[1.0482922745029023e-07, 0.9999998951707726]"
hCoV-19/Germany/HH-hpi-p1445/2020|EPI_ISL_775964|2020-03-10,NON_GA,"[0.0, 1.0]"
hCoV-19/Germany/SH-hpi-p1578/2020|EPI_ISL_776555|2020-03-16,NON_GA,"[0.0, 1.0]"
hCoV-19/Germany/HH-hpi-p1447/2020|EPI_ISL_775966|2020-03-10,NON_GA,"[0.0, 1.0]"
hCoV-19/Germany/HH-hpi-p1584/2020|EPI_ISL_776059|2020-03-16,NON_GA,"[0.0, 1.0]"
hCoV-19/Germany/HH-hpi-p1438/2020|EPI_ISL_775958|2020-03-10,NON_GA,"[0.0, 1.0]"
NODE_0003031,NON_GA,"[0.0022941192842512548, 0.9977058807157487]"
hCoV-19/Spain/CT-HUVH-16634/2020|EPI_ISL_819307|2020-03-23,NON_GA,"[0.0, 0.9999999999999999]"
hCoV-19/Spain/AN-ISCIII-201488/2020|EPI_ISL_455315|2020-03-04,NON_GA,"[0.0, 1.0]"
hCoV-19/Spain/CT-ISCIII-202042/2020|EPI_ISL_862633|2020-03-04,NON_GA,"[0.0, 1.0]"
hCoV-19/Spain/GA-IBV-004025/2020|EPI_ISL_510268|2020-03-12,NON_GA,"[0.0, 1.0]"
NODE_0003035,NON_GA,"[0.0036423149018478956, 0.9963576850981521]"
hCoV-19/Spain/CN-IBV-002605/2020|EPI_ISL_467089|2020-03-18,NON_GA,"[0.0, 1.0]"
hCoV-19/Spain/AN-IBV-001272/2020|EPI_ISL_452554|2020-03-24,NON_GA,"[0.0, 1.0]"
NODE_0002966,NON_GA,"[1.174597302802502e-07, 0.9999998825402696]"
hCoV-19/USA/NV-NSPHL-A0027/2020|EPI_ISL_515314|2020-03-19,NON_GA,"[0.0, 1.0]"
hCoV-19/Germany/BW-FR0231/2020|EPI_ISL_852707|2020-03-23,NON_GA,"[0.0, 1.0]"
hCoV-19/Netherlands/NA_1/2020|EPI_ISL_415465|2020-03-10,NON_GA,"[0.0, 0.9999999999999999]"
hCoV-19/Netherlands/ZuidHolland_30/2020|EPI_ISL_415534|2020-03-11,NON_GA,"[0.0, 1.0]"
hCoV-19/France/NAQ-SC584/2020|EPI_ISL_663235|2020-03-09,NON_GA,"[0.0, 1.0]"
hCoV-19/Netherlands/Flevoland_1/2020|EPI_ISL_415460|2020-03-09,NON_GA,"[0.0, 1.0]"
NODE_0002927,NON_GA,"[0.0005528357351530911, 0.9994471642648469]"
hCoV-19/Austria/CeMM0933/2020|EPI_ISL_583785|2020-03-26,NON_GA,"[0.0, 0.9999999999999999]"
hCoV-19/Austria/CeMM0555/2020|EPI_ISL_475906|2020-03-16,NON_GA,"[0.0, 1.0]"
hCoV-19/Ireland/D-20G31141/2020|EPI_ISL_848154|2020-03-16,NON_GA,"[0.0, 1.0]"
hCoV-19/Germany/HH-hpi-p1803/2020|EPI_ISL_776168|2020-03-19,NON_GA,"[0.0, 1.0]"
NODE_0002931,NON_GA,"[0.0022829503951674224, 0.9977170496048325]"
hCoV-19/Austria/CeMM0936/2020|EPI_ISL_583788|2020-03-26,NON_GA,"[0.0, 1.0]"
hCoV-19/Austria/CeMM0961/2020|EPI_ISL_583810|2020-03-29,NON_GA,"[0.0, 1.0]"
NODE_0003078,NON_GA,"[0.0001752625856518152, 0.9998247374143482]"
hCoV-19/Canada/Qc-LSPQ-L00243417/2020|EPI_ISL_536361|2020-03-30,NON_GA,"[0.0, 1.0]"
hCoV-19/Canada/QC-LSPQ-L00231271/2020|EPI_ISL_535949|2020-03-22,NON_GA,"[0.0, 1.0]"
hCoV-19/Canada/ON_MU-S1/2020|EPI_ISL_463970|2020-03-13,NON_GA,"[0.0, 1.0]"
hCoV-19/USA/CA-QDX-1057/2020|EPI_ISL_571714|2020-03-18,NON_GA,"[0.0, 0.9999999999999999]"
hCoV-19/Canada/ON_MU-S82/2020|EPI_ISL_463994|2020-03-19,NON_GA,"[0.0, 1.0]"
hCoV-19/Canada/QC-JUS-V5241628/2020|EPI_ISL_1241117|2020-03-23,NON_GA,"[0.0, 1.0]"
hCoV-19/Canada/QC-JUS-V5290618/2020|EPI_ISL_889873|2020-03-27,NON_GA,"[0.0, 1.0]"
NODE_0002837,NON_GA,"[1.180711222146091e-06, 0.9999988192887779]"
hCoV-19/Canada/QC-JUS-V5262807/2020|EPI_ISL_890509|2020-03-25,NON_GA,"[0.0, 1.0]"
hCoV-19/USA/AZ-TG666143/2020|EPI_ISL_696226|2020-03-25,NON_GA,"[0.0, 1.0]"
hCoV-19/USA/NY-QDX-2667/2020|EPI_ISL_604958|2020-03-15,NON_GA,"[0.0, 0.9999999999999999]"
hCoV-19/USA/NY-NYCPHL-000596/2020|EPI_ISL_632054|2020-03-10,NON_GA,"[0.0, 1.0]"
hCoV-19/USA/NY-NYCPHL-000023/2020|EPI_ISL_631519|2020-03-10,NON_GA,"[0.0, 1.0]"
hCoV-19/USA/NY-QDX-1948/2020|EPI_ISL_604268|2020-03-15,NON_GA,"[0.0, 0.9999999999999999]"
hCoV-19/Palestine/33/2020|EPI_ISL_596518|2020-03-31,NON_GA,"[0.0, 0.9999999999999999]"
NODE_0002799,NON_GA,"[4.274074797759467e-05, 0.9999572592520225]"
hCoV-19/USA/WI-UW-53/2020|EPI_ISL_421311|2020-03-18,NON_GA,"[0.0, 0.9999999999999999]"
hCoV-19/USA/MA-QDX-54/2020|EPI_ISL_467860|2020-03-15,NON_GA,"[0.0, 0.9999999999999999]"
hCoV-19/USA/UT-0106/2020|EPI_ISL_435350|2020-03-12,NON_GA,"[0.0, 1.0]"
hCoV-19/Singapore/367/2020|EPI_ISL_482677|2020-03-17,NON_GA,"[0.0, 1.0]"
hCoV-19/USA/CA-QDX-83/2020|EPI_ISL_468564|2020-03-13,NON_GA,"[0.0, 0.9999999999999999]"
hCoV-19/Shandong/2020C1240275/2020|EPI_ISL_962568|2020-02-01,NON_GA,"[0.0, 1.0]"
hCoV-19/Shandong/2020C1240530/2020|EPI_ISL_962539|2020-03-11,NON_GA,"[0.0, 1.0]"
NODE_0002955,NON_GA,"[0.00040476273755218005, 0.9995952372624478]"
hCoV-19/Algeria/G0860_2262/2020|EPI_ISL_420037|2020-03-02,NON_GA,"[0.0, 1.0]"
hCoV-19/France/IDF_PSL_165/2020|EPI_ISL_1015004|2020-02-28,NON_GA,"[0.0, 1.0]"
hCoV-19/France/HDF-3669/2020|EPI_ISL_443309|2020-03-25,NON_GA,"[0.0, 1.0]"
hCoV-19/France/PAC-IHU-0199/2020|EPI_ISL_569366|2020-03-27,NON_GA,"[0.0, 1.0]"
hCoV-19/France/IDF-2256/2020|EPI_ISL_416498|2020-03-11,NON_GA,"[0.0, 1.0]"
hCoV-19/France/PAC-IHU-0232/2020|EPI_ISL_569395|2020-03-29,NON_GA,"[0.0, 1.0]"
NODE_0002959,NON_GA,"[0.0006062463499881346, 0.9993937536500118]"
hCoV-19/Algeria/G0638_2264/2020|EPI_ISL_418241|2020-03-02,NON_GA,"[0.0, 1.0]"
hCoV-19/Algeria/G0640_2265/2020|EPI_ISL_418242|2020-03-08,NON_GA,"[0.0, 0.9999999999999999]"
NODE_0003049,NON_GA,"[0.04281667212037551, 0.9571833278796245]"
hCoV-19/USA/NY-NYUMC308/2020|EPI_ISL_430335|2020-03-30,NON_GA,"[0.0, 1.0]"
NODE_0003050,NON_GA,"[0.17796051623908876, 0.8220394837609113]"
hCoV-19/South_Korea/KCDC2146/2020|EPI_ISL_498047|2020-03-21,NON_GA,"[0.0, 1.0]"
hCoV-19/USA/DC-DFS-PHL-0044/2020|EPI_ISL_804915|2020-03-25,NON_GA,"[0.0, 1.0]"
hCoV-19/USA/WA-S370/2020|EPI_ISL_434130|2020-03-28,NON_GA,"[0.0, 1.0]"
hCoV-19/USA/NY-Wadsworth-23321-01/2020|EPI_ISL_676751|2020-03-19,NON_GA,"[0.0, 1.0]"
hCoV-19/USA/CA-QDX-550/2020|EPI_ISL_571273|2020-03-19,NON_GA,"[0.0, 1.0]"
hCoV-19/USA/NY-QDX-1263/2020|EPI_ISL_572027|2020-03-15,NON_GA,"[0.0, 0.9999999999999999]"
NODE_0003056,GA,"[0.995650598724608, 0.0043494012753920305]"
|GA-EHC-034H,GA,"[1.0, 0.0]"
|GA-EHC-049W,GA,"[1.0, 0.0]"
NODE_0002858,NON_GA,"[0.005043393488035804, 0.9949566065119642]"
hCoV-19/USA/NY-QDX-2445/2020|EPI_ISL_604799|2020-03-16,NON_GA,"[0.0, 1.0]"
hCoV-19/USA/DC-HP00117/2020|EPI_ISL_457810|2020-03-28,NON_GA,"[0.0, 1.0]"
hCoV-19/USA/FL-BPHL-0151/2020|EPI_ISL_480802|2020-03-31,NON_GA,"[0.0, 1.0]"
hCoV-19/USA/NY-QDX-875/2020|EPI_ISL_571679|2020-03-17,NON_GA,"[0.0, 1.0]"
hCoV-19/Hangzhou/HZCDC7328/2020|EPI_ISL_482584|2020-03-24,NON_GA,"[0.0, 1.0]"
hCoV-19/USA/DE-DHSS-F918898/2020|EPI_ISL_561356|2020-03-16,NON_GA,"[0.0, 1.0]"
NODE_0002863,NON_GA,"[0.001187148072596116, 0.9988128519274039]"
hCoV-19/USA/NY-Wadsworth-16480-01/2020|EPI_ISL_426317|2020-03-15,NON_GA,"[0.0, 1.0]"
hCoV-19/USA/NY-PV09378/2020|EPI_ISL_450061|2020-03-19,NON_GA,"[0.0, 1.0]"
hCoV-19/USA/NY-PV09314/2020|EPI_ISL_450006|2020-03-21,NON_GA,"[0.0, 1.0]"
NODE_0003063,NON_GA,"[0.00015356626217692427, 0.9998464337378232]"
hCoV-19/England/CAMB-71C15/2020|EPI_ISL_439927|2020-03-31,NON_GA,"[0.0, 1.0]"
hCoV-19/Sweden/20-06308/2020|EPI_ISL_434652|2020-03-20,NON_GA,"[0.0, 1.0]"
hCoV-19/Sweden/20-08360/2020|EPI_ISL_476141|2020-03-24,NON_GA,"[0.0, 1.0]"
hCoV-19/England/20140009304/2020|EPI_ISL_423386|2020-03-28,NON_GA,"[0.0, 0.9999999999999999]"
hCoV-19/Australia/VIC959/2020|EPI_ISL_430663|2020-03-27,NON_GA,"[0.0, 0.9999999999999999]"
hCoV-19/Sweden/20-50336/2020|EPI_ISL_475088|2020-03-13,NON_GA,"[0.0, 1.0]"
hCoV-19/Sweden/20-08362/2020|EPI_ISL_476142|2020-03-24,NON_GA,"[0.0, 1.0]"
hCoV-19/England/LOND-124C58C/2020|EPI_ISL_492890|2020-03-29,NON_GA,"[0.0, 1.0]"
hCoV-19/Sweden/20-50505/2020|EPI_ISL_475110|2020-03-29,NON_GA,"[0.0, 1.0]"
hCoV-19/Sweden/20-22287/2020|EPI_ISL_660385|2020-03-18,NON_GA,"[0.0, 1.0]"
NODE_0003036,NON_GA,"[0.06256274812708067, 0.9374372518729194]"
hCoV-19/USA/NV-NSPHL-A0020/2020|EPI_ISL_515307|2020-03-16,NON_GA,"[0.0, 0.9999999999999999]"
hCoV-19/USA/CA-QDX-2162/2020|EPI_ISL_604436|2020-03-22,NON_GA,"[0.0, 1.0]"
hCoV-19/USA/CA-QDX-1511/2020|EPI_ISL_603765|2020-03-17,NON_GA,"[0.0, 1.0]"
hCoV-19/USA/CA-QDX-1571/2020|EPI_ISL_603888|2020-03-18,NON_GA,"[0.0, 1.0]"
hCoV-19/USA/CA-QDX-1578/2020|EPI_ISL_603892|2020-03-19,NON_GA,"[0.0, 1.0]"
hCoV-19/USA/GA-QDX-2209/2020|EPI_ISL_604528|2020-03-15,GA,"[1.0, 0.0]"
NODE_0003040,NON_GA,"[0.008650741321666364, 0.9913492586783336]"
hCoV-19/USA/CA-QDX-2013/2020|EPI_ISL_604307|2020-03-17,NON_GA,"[0.0, 1.0]"
hCoV-19/USA/CA-CSMC79/2020|EPI_ISL_475694|2020-03-26,NON_GA,"[0.0, 1.0]"
NODE_0003044,NON_GA,"[0.0040698547241193135, 0.9959301452758808]"
hCoV-19/USA/WA-UW-2916/2020|EPI_ISL_486050|2020-03-29,NON_GA,"[0.0, 1.0]"
hCoV-19/USA/WA-S182/2020|EPI_ISL_430220|2020-03-20,NON_GA,"[0.0, 1.0]"
hCoV-19/USA/WA-S361/2020|EPI_ISL_434121|2020-03-26,NON_GA,"[0.0, 1.0]"
hCoV-19/USA/WA-UW-2146/2020|EPI_ISL_426100|2020-03-25,NON_GA,"[0.0, 1.0]"
hCoV-19/USA/WA-S192/2020|EPI_ISL_430230|2020-03-20,NON_GA,"[0.0, 1.0]"
NODE_0003159,NON_GA,"[0.001974622155584767, 0.9980253778444153]"
hCoV-19/Germany/HH-hpi-p1768/2020|EPI_ISL_776142|2020-03-19,NON_GA,"[0.0, 1.0]"
hCoV-19/Austria/CeMM0133/2020|EPI_ISL_437986|2020-03-13,NON_GA,"[0.0, 0.9999999999999999]"
hCoV-19/Germany/HH-hpi-p1529/2020|EPI_ISL_776027|2020-03-15,NON_GA,"[0.0, 1.0]"
hCoV-19/Germany/NW-HHU-25/2020|EPI_ISL_419542|2020-03-15,NON_GA,"[0.0, 1.0]"
hCoV-19/Denmark/ALAB-SSI361/2020|EPI_ISL_429471|2020-03-23,NON_GA,"[0.0, 1.0]"
hCoV-19/Germany/SL-SU-10428103/2020|EPI_ISL_707954|2020-03-18,NON_GA,"[0.0, 1.0]"
hCoV-19/Germany/HH-hpi-p1680/2020|EPI_ISL_776094|2020-03-18,NON_GA,"[0.0, 1.0]"
hCoV-19/USA/MN-MDH-1389/2020|EPI_ISL_507976|2020-03-26,NON_GA,"[0.0, 1.0]"
hCoV-19/Germany/HH-hpi-p1725/2020|EPI_ISL_776105|2020-03-15,NON_GA,"[0.0, 1.0]"
hCoV-19/Norway/Trondheim-S5/2020|EPI_ISL_450347|2020-03-25,NON_GA,"[0.0, 1.0]"
hCoV-19/Germany/NW-HHU-38/2020|EPI_ISL_425122|2020-03-16,NON_GA,"[0.0, 1.0]"
NODE_0003172,NON_GA,"[0.003611794188861953, 0.9963882058111381]"
hCoV-19/Germany/HH-hpi-p1776/2020|EPI_ISL_776149|2020-03-19,NON_GA,"[0.0, 1.0]"
hCoV-19/Germany/HH-hpi-p1868/2020|EPI_ISL_776214|2020-03-23,NON_GA,"[0.0, 1.0]"
NODE_0003164,NON_GA,"[1.1851856085238872e-05, 0.9999881481439147]"
hCoV-19/Germany/HH-hpi-p1422/2020|EPI_ISL_775946|2020-03-09,NON_GA,"[0.0, 0.9999999999999999]"
hCoV-19/Germany/HH-hpi-p2193/2020|EPI_ISL_776421|2020-03-09,NON_GA,"[0.0, 0.9999999999999999]"
NODE_0003130,NON_GA,"[1.1949400175957801e-07, 0.9999998805059983]"
hCoV-19/USA/WA-UW-3819/2020|EPI_ISL_427180|2020-03-26,NON_GA,"[0.0, 0.9999999999999999]"
hCoV-19/USA/WA-UW-3838/2020|EPI_ISL_427188|2020-03-26,NON_GA,"[0.0, 0.9999999999999999]"
hCoV-19/USA/WA-UW-1965/2020|EPI_ISL_424324|2020-03-24,NON_GA,"[0.0, 0.9999999999999999]"
hCoV-19/USA/WA-UW-4588/2020|EPI_ISL_460626|2020-03-31,NON_GA,"[0.0, 1.0]"
hCoV-19/USA/WA-UW-4623/2020|EPI_ISL_515285|2020-03-29,NON_GA,"[0.0, 1.0]"
hCoV-19/USA/WA-UW-662/2020|EPI_ISL_476921|2020-03-13,NON_GA,"[0.0, 0.9999999999999999]"
hCoV-19/USA/WA-UW-1287/2020|EPI_ISL_422969|2020-03-17,NON_GA,"[0.0, 0.9999999999999999]"
hCoV-19/USA/WA-UW-4593/2020|EPI_ISL_429608|2020-03-31,NON_GA,"[0.0, 1.0]"
hCoV-19/USA/WA-UW-2192/2020|EPI_ISL_426109|2020-03-25,NON_GA,"[0.0, 1.0]"
hCoV-19/USA/WA-UW-4619/2020|EPI_ISL_460630|2020-03-29,NON_GA,"[0.0, 1.0]"
hCoV-19/USA/WA-UW-4197/2020|EPI_ISL_427247|2020-03-31,NON_GA,"[0.0, 1.0]"
hCoV-19/USA/WA-UW346/2020|EPI_ISL_418913|2020-03-16,NON_GA,"[0.0, 1.0]"
hCoV-19/USA/WA-UW-2732/2020|EPI_ISL_486021|2020-03-30,NON_GA,"[0.0, 0.9999999999999999]"
hCoV-19/USA/WA-UW-1801/2020|EPI_ISL_424251|2020-03-23,NON_GA,"[0.0, 0.9999999999999999]"
hCoV-19/USA/WA-UW-1728/2020|EPI_ISL_424193|2020-03-21,NON_GA,"[0.0, 0.9999999999999999]"
hCoV-19/USA/WA-UW-2943/2020|EPI_ISL_486058|2020-03-26,NON_GA,"[0.0, 0.9999999999999999]"
hCoV-19/USA/WA-UW-1797/2020|EPI_ISL_424259|2020-03-22,NON_GA,"[0.0, 1.0]"
hCoV-19/USA/WA-UW-3340/2020|EPI_ISL_491017|2020-03-26,NON_GA,"[0.0, 0.9999999999999999]"
hCoV-19/USA/WA-UW-4321/2020|EPI_ISL_427260|2020-03-31,NON_GA,"[0.0, 1.0]"
hCoV-19/USA/WA-UW-3401/2020|EPI_ISL_491021|2020-03-27,NON_GA,"[0.0, 1.0]"
hCoV-19/USA/OR-PROV-011/2020|EPI_ISL_482298|2020-03-31,NON_GA,"[0.0, 1.0]"
hCoV-19/USA/WA-UW-2921/2020|EPI_ISL_486051|2020-03-29,NON_GA,"[0.0, 1.0]"
hCoV-19/USA/WA-UW-1417/2020|EPI_ISL_422981|2020-03-17,NON_GA,"[0.0, 0.9999999999999999]"
hCoV-19/USA/CA-ALSR-0707-SAN/2020|EPI_ISL_483316|2020-03-30,NON_GA,"[0.0, 0.9999999999999999]"
hCoV-19/USA/WA-UW362/2020|EPI_ISL_418929|2020-03-17,NON_GA,"[0.0, 0.9999999999999999]"
hCoV-19/USA/WA-UW169/2020|EPI_ISL_416707|2020-03-14,NON_GA,"[0.0, 1.0]"
hCoV-19/USA/WA-S146/2020|EPI_ISL_430183|2020-03-14,NON_GA,"[0.0, 1.0]"
NODE_0003151,NON_GA,"[7.549377726942797e-05, 0.9999245062227305]"
hCoV-19/USA/WA-UW-688/2020|EPI_ISL_486106|2020-03-13,NON_GA,"[0.0, 1.0]"
hCoV-19/USA/WA-UW-2044/2020|EPI_ISL_717768|2020-03-24,NON_GA,"[0.0, 1.0]"
NODE_0002990,NON_GA,"[0.0007945920829852205, 0.9992054079170148]"
hCoV-19/England/201440167/2020|EPI_ISL_465984|2020-03-30,NON_GA,"[0.0, 1.0]"
hCoV-19/USA/WY-WYPHL-00085/2020|EPI_ISL_462976|2020-03-30,NON_GA,"[0.0, 1.0]"
hCoV-19/England/CAMB-71C42/2020|EPI_ISL_439880|2020-03-31,NON_GA,"[0.0, 1.0]"
hCoV-19/USA/MI-UM-2006S000960/2020|EPI_ISL_484770|2020-03-27,NON_GA,"[0.0, 1.0]"
hCoV-19/USA/NY-NYCPHL-000570/2020|EPI_ISL_632029|2020-03-30,NON_GA,"[0.0, 1.0]"
hCoV-19/USA/NY-PV09377/2020|EPI_ISL_450060|2020-03-19,NON_GA,"[0.0, 1.0]"
hCoV-19/USA/IL-NM0101/2020|EPI_ISL_444587|2020-03-21,NON_GA,"[0.0, 1.0]"
NODE_0002995,NON_GA,"[0.0005560528477753755, 0.9994439471522245]"
hCoV-19/Israel/CVL-n-6112/2020|EPI_ISL_475010|2020-03-15,NON_GA,"[0.0, 1.0]"
hCoV-19/USA/DE-DHSS-F917866/2020|EPI_ISL_583248|2020-03-25,NON_GA,"[0.0, 1.0]"
hCoV-19/USA/NY-NYCPHL-000685/2020|EPI_ISL_632102|2020-03-14,NON_GA,"[0.0, 1.0]"
hCoV-19/USA/NY-NYCPHL-000084/2020|EPI_ISL_631577|2020-03-19,NON_GA,"[0.0, 1.0]"
hCoV-19/Israel/2046129/2020|EPI_ISL_447406|2020-03-31,NON_GA,"[0.0, 1.0]"
hCoV-19/USA/NY-PV09025/2020|EPI_ISL_421598|2020-03-21,NON_GA,"[0.0, 1.0]"
hCoV-19/USA/NY-SURV076/2020|EPI_ISL_436048|2020-03-05,NON_GA,"[0.0, 1.0]"
hCoV-19/USA/NY-PV09045/2020|EPI_ISL_422488|2020-03-21,NON_GA,"[0.0, 1.0]"
hCoV-19/Brazil/RJ-DCVN1/2020|EPI_ISL_509434|2020-03-23,NON_GA,"[0.0, 1.0]"
hCoV-19/South_Korea/KCDC2175/2020|EPI_ISL_506969|2020-03-23,NON_GA,"[0.0, 1.0]"
hCoV-19/USA/NY-NYCPHL-000515/2020|EPI_ISL_631976|2020-03-20,NON_GA,"[0.0, 1.0]"
hCoV-19/USA/NY-PV09197/2020|EPI_ISL_422552|2020-03-20,NON_GA,"[0.0, 1.0]"
hCoV-19/USA/NY-QDX-2543/2020|EPI_ISL_604832|2020-03-14,NON_GA,"[0.0, 1.0]"
hCoV-19/USA/NY-NYUMC105/2020|EPI_ISL_421717|2020-03-18,NON_GA,"[0.0, 1.0]"
hCoV-19/USA/NY-NYUMC113/2020|EPI_ISL_421725|2020-03-18,NON_GA,"[0.0, 1.0]"
hCoV-19/USA/NY-QDX-2444/2020|EPI_ISL_604798|2020-03-15,NON_GA,"[0.0, 1.0]"
hCoV-19/USA/CT-QDX-1403/2020|EPI_ISL_572099|2020-03-16,NON_GA,"[0.0, 0.9999999999999999]"
hCoV-19/USA/NJ-QDX-1883/2020|EPI_ISL_604228|2020-03-14,NON_GA,"[0.0, 1.0]"
NODE_0003015,NON_GA,"[0.0021531787094718046, 0.9978468212905282]"
hCoV-19/USA/NY-PV09139/2020|EPI_ISL_422510|2020-03-20,NON_GA,"[0.0, 1.0]"
hCoV-19/USA/NY-WCMP11B03P/2020|EPI_ISL_427585|2020-03-16,NON_GA,"[0.0, 0.9999999999999999]"
NODE_0003010,NON_GA,"[0.0036110588986879005, 0.996388941101312]"
hCoV-19/USA/NY-NYCPHL-000744/2020|EPI_ISL_632125|2020-03-19,NON_GA,"[0.0, 1.0]"
hCoV-19/USA/NY-NYCPHL-000828/2020|EPI_ISL_632205|2020-03-24,NON_GA,"[0.0, 1.0]"
NODE_0003086,NON_GA,"[0.0038894356585476688, 0.9961105643414523]"
hCoV-19/Netherlands/ZuidHolland_64/2020|EPI_ISL_422932|2020-03-23,NON_GA,"[0.0, 1.0]"
hCoV-19/Canada/NL-NML-1393/2020|EPI_ISL_906770|2020-03-31,NON_GA,"[0.0, 0.9999999999999999]"
hCoV-19/Switzerland/UR-ETHZ-100832/2020|EPI_ISL_451780|2020-03-25,NON_GA,"[0.0, 1.0]"
hCoV-19/France/IDF_HB_112003109841/2020|EPI_ISL_940249|2020-03-31,NON_GA,"[0.0, 0.9999999999999999]"
NODE_0003124,NON_GA,"[2.7397086188366515e-05, 0.9999726029138116]"
hCoV-19/Belgium/BA-0330335/2020|EPI_ISL_462189|2020-03-30,NON_GA,"[0.0, 1.0]"
hCoV-19/Belgium/BGM-030444/2020|EPI_ISL_420442|2020-03-04,NON_GA,"[0.0, 1.0]"
hCoV-19/Belgium/Rega-0329244/2020|EPI_ISL_458214|2020-03-29,NON_GA,"[0.0, 1.0]"
hCoV-19/Belgium/GS-030549/2020|EPI_ISL_418798|2020-03-05,NON_GA,"[0.0, 1.0]"
NODE_0003089,NON_GA,"[7.769940391366976e-10, 0.999999999223006]"
hCoV-19/France/PAC-IHU-0060/2020|EPI_ISL_569279|2020-03-19,NON_GA,"[0.0, 1.0]"
hCoV-19/France/PAC-IHU-0389/2020|EPI_ISL_569484|2020-03-28,NON_GA,"[0.0, 0.9999999999999999]"
hCoV-19/France/IDF_HB_112003065776/2020|EPI_ISL_940448|2020-03-18,NON_GA,"[0.0, 1.0]"
hCoV-19/Luxembourg/LNS4254328/2020|EPI_ISL_429737|2020-03-24,NON_GA,"[0.0, 1.0]"
hCoV-19/Spain/RI-IBV-99005889/2020|EPI_ISL_537431|2020-03-20,NON_GA,"[0.0, 1.0]"
hCoV-19/Spain/RI-IBV-99005837/2020|EPI_ISL_537382|2020-03-22,NON_GA,"[0.0, 1.0]"
hCoV-19/Netherlands/NA_96/2020|EPI_ISL_422856|2020-03-18,NON_GA,"[0.0, 1.0]"
hCoV-19/France/PDL-SC621/2020|EPI_ISL_649177|2020-03-31,NON_GA,"[0.0, 1.0]"
hCoV-19/France/PAC-IHU-0139/2020|EPI_ISL_569332|2020-03-15,NON_GA,"[0.0, 1.0]"
hCoV-19/Spain/RI-IBV-98002306/2020|EPI_ISL_537829|2020-03-10,NON_GA,"[0.0, 0.9999999999999999]"
hCoV-19/France/IDF_PSL_189/2020|EPI_ISL_1015257|2020-03-23,NON_GA,"[0.0, 1.0]"
hCoV-19/England/20126000404/2020|EPI_ISL_423861|2020-03-18,NON_GA,"[0.0, 1.0]"
hCoV-19/Netherlands/ZuidHolland_42/2020|EPI_ISL_422914|2020-03-19,NON_GA,"[0.0, 1.0]"
hCoV-19/Netherlands/ZuidHolland_86/2020|EPI_ISL_422954|2020-03-27,NON_GA,"[0.0, 1.0]"
hCoV-19/France/PDL-SC615/2020|EPI_ISL_663261|2020-03-30,NON_GA,"[0.0, 1.0]"
hCoV-19/France/PAC-IHU-0040/2020|EPI_ISL_569264|2020-03-18,NON_GA,"[0.0, 1.0]"
hCoV-19/Italy/LAZ-INMI16/2020|EPI_ISL_493328|2020-03-15,NON_GA,"[0.0, 1.0]"
hCoV-19/Spain/RI-IBV-98002345/2020|EPI_ISL_537856|2020-03-29,NON_GA,"[0.0, 1.0]"
hCoV-19/Iceland/300/2020|EPI_ISL_417629|2020-03-18,NON_GA,"[0.0, 1.0]"
hCoV-19/France/IDF_PSL_226/2020|EPI_ISL_1015333|2020-03-23,NON_GA,"[0.0, 1.0]"
hCoV-19/Spain/RI-IBV-98002316/2020|EPI_ISL_537836|2020-03-12,NON_GA,"[0.0, 0.9999999999999999]"
hCoV-19/Israel/2047586/2020|EPI_ISL_447389|2020-03-29,NON_GA,"[0.0, 1.0]"
hCoV-19/Netherlands/NoordHolland_10043/2020|EPI_ISL_454792|2020-03-27,NON_GA,"[0.0, 1.0]"
NODE_0003116,NON_GA,"[0.0023807531899898518, 0.9976192468100101]"
hCoV-19/Spain/RI-IBV-99005931/2020|EPI_ISL_537466|2020-03-28,NON_GA,"[0.0, 0.9999999999999999]"
hCoV-19/Spain/RI-IBV-005933/2020|EPI_ISL_500369|2020-03-27,NON_GA,"[0.0, 0.9999999999999999]"
NODE_0003095,NON_GA,"[1.8674599824190322e-09, 0.99999999813254]"
hCoV-19/Spain/RI-IBV-005976/2020|EPI_ISL_500410|2020-03-11,NON_GA,"[0.0, 0.9999999999999999]"
hCoV-19/Spain/RI-IBV-98002336/2020|EPI_ISL_537849|2020-03-26,NON_GA,"[0.0, 0.9999999999999999]"
hCoV-19/Spain/RI-IBV-005998/2020|EPI_ISL_500430|2020-03-20,NON_GA,"[0.0, 1.0]"
hCoV-19/Spain/RI-IBV-99010925/2020|EPI_ISL_732764|2020-03-26,NON_GA,"[0.0, 0.9999999999999999]"
hCoV-19/Spain/RI-IBV-98002325/2020|EPI_ISL_537844|2020-03-22,NON_GA,"[0.0, 0.9999999999999999]"
hCoV-19/Spain/RI-IBV-98002322/2020|EPI_ISL_537841|2020-03-21,NON_GA,"[0.0, 1.0]"
hCoV-19/Spain/RI-IBV-005977/2020|EPI_ISL_500411|2020-03-11,NON_GA,"[0.0, 0.9999999999999999]"
hCoV-19/Spain/RI-IBV-99005909/2020|EPI_ISL_537447|2020-03-20,NON_GA,"[0.0, 1.0]"
hCoV-19/Portugal/PT0356/2020|EPI_ISL_454072|2020-03-19,NON_GA,"[0.0, 1.0]"
hCoV-19/Spain/RI-IBV-99005887/2020|EPI_ISL_537429|2020-03-11,NON_GA,"[0.0, 0.9999999999999999]"
hCoV-19/Spain/RI-IBV-006020/2020|EPI_ISL_500450|2020-03-25,NON_GA,"[0.0, 0.9999999999999999]"
NODE_0002488,NON_GA,"[0.01693238903506812, 0.9830676109649318]"
hCoV-19/USA/MN-QDX-1018/2020|EPI_ISL_571744|2020-03-13,NON_GA,"[0.0, 1.0]"
hCoV-19/USA/LA-QDX-2055/2020|EPI_ISL_604340|2020-03-17,NON_GA,"[0.0, 1.0]"
hCoV-19/USA/TX-QDX-668/2020|EPI_ISL_571482|2020-03-18,NON_GA,"[0.0, 1.0]"
hCoV-19/USA/LA-SR0141/2020|EPI_ISL_435446|2020-03-28,NON_GA,"[0.0, 0.9999999999999999]"
hCoV-19/USA/TX-HMH02/2020|EPI_ISL_434713|2020-03-16,NON_GA,"[0.0, 0.9999999999999999]"
hCoV-19/USA/MS-CDC-6569/2020|EPI_ISL_648021|2020-03-12,NON_GA,"[0.0, 1.0]"
hCoV-19/Germany/BW-FR0336/2020|EPI_ISL_852670|2020-03-30,NON_GA,"[0.0, 1.0]"
hCoV-19/USA/AZ-TG720690/2020|EPI_ISL_1113276|2020-03-26,NON_GA,"[0.0, 0.9999999999999999]"
hCoV-19/USA/TX-HMH046/2020|EPI_ISL_434755|2020-03-14,NON_GA,"[0.0, 1.0]"
hCoV-19/USA/TX-HMH0390/2020|EPI_ISL_434977|2020-03-30,NON_GA,"[0.0, 1.0]"
hCoV-19/USA/MN-QDX-1015/2020|EPI_ISL_571741|2020-03-14,NON_GA,"[0.0, 1.0]"
hCoV-19/USA/UT-00352/2020|EPI_ISL_449805|2020-03-27,NON_GA,"[0.0, 1.0]"
hCoV-19/USA/AZ-CDC-1911/2020|EPI_ISL_452118|2020-03-13,NON_GA,"[0.0, 1.0]"
hCoV-19/USA/MN-UW335/2020|EPI_ISL_418902|2020-03-13,NON_GA,"[0.0, 1.0]"
hCoV-19/USA/MN-QDX-1367/2020|EPI_ISL_572156|2020-03-15,NON_GA,"[0.0, 0.9999999999999999]"
hCoV-19/USA/AZ-TG269358/2020|EPI_ISL_426523|2020-03-20,NON_GA,"[0.0, 1.0]"
hCoV-19/USA/UT-0290/2020|EPI_ISL_420810|2020-03-27,NON_GA,"[0.0, 1.0]"
hCoV-19/USA/LA-ALSR-0059-NBG/2020|EPI_ISL_434518|2020-03-23,NON_GA,"[0.0, 1.0]"
hCoV-19/USA/LA-SR0140/2020|EPI_ISL_435445|2020-03-31,NON_GA,"[0.0, 0.9999999999999999]"
hCoV-19/USA/GA-QDX-581/2020|EPI_ISL_571292|2020-03-18,GA,"[1.0, 0.0]"
hCoV-19/USA/AZ-TG724332/2020|EPI_ISL_1113457|2020-03-28,NON_GA,"[0.0, 0.9999999999999999]"
hCoV-19/USA/MN-QDX-1702/2020|EPI_ISL_604061|2020-03-16,NON_GA,"[0.0, 0.9999999999999999]"
hCoV-19/USA/CA-ALSR-0696-SAN/2020|EPI_ISL_483307|2020-03-29,NON_GA,"[0.0, 1.0]"
hCoV-19/USA/MN-QDX-2036/2020|EPI_ISL_604350|2020-03-15,NON_GA,"[0.0, 0.9999999999999999]"
hCoV-19/USA/NC-UNC-LCCC0001/2020|EPI_ISL_877585|2020-03-23,NON_GA,"[0.0, 1.0]"
hCoV-19/USA/TX-HMH0158/2020|EPI_ISL_434857|2020-03-23,NON_GA,"[0.0, 1.0]"
|GA-EHC-041O,GA,"[1.0, 0.0]"
hCoV-19/USA/MN-QDX-1364/2020|EPI_ISL_572153|2020-03-15,NON_GA,"[0.0, 0.9999999999999999]"
hCoV-19/USA/TX-HMH0305/2020|EPI_ISL_434926|2020-03-28,NON_GA,"[0.0, 0.9999999999999999]"
hCoV-19/USA/MN-QDX-1019/2020|EPI_ISL_571745|2020-03-14,NON_GA,"[0.0, 1.0]"
hCoV-19/USA/MN-QDX-988/2020|EPI_ISL_571786|2020-03-14,NON_GA,"[0.0, 1.0]"
hCoV-19/USA/MN-QDX-1378/2020|EPI_ISL_572167|2020-03-15,NON_GA,"[0.0, 0.9999999999999999]"
hCoV-19/USA/MN-QDX-1601/2020|EPI_ISL_603981|2020-03-16,NON_GA,"[0.0, 0.9999999999999999]"
hCoV-19/USA/MN-QDX-992/2020|EPI_ISL_571790|2020-03-13,NON_GA,"[0.0, 1.0]"
hCoV-19/USA/AZ-TG268915/2020|EPI_ISL_426518|2020-03-12,NON_GA,"[0.0, 1.0]"
hCoV-19/USA/LA-QDX-2100/2020|EPI_ISL_604453|2020-03-14,NON_GA,"[0.0, 1.0]"
hCoV-19/USA/MN-QDX-972/2020|EPI_ISL_571771|2020-03-14,NON_GA,"[0.0, 1.0]"
hCoV-19/USA/MN-QDX-1330/2020|EPI_ISL_572119|2020-03-16,NON_GA,"[0.0, 0.9999999999999999]"
hCoV-19/USA/MN-QDX-2717/2020|EPI_ISL_605029|2020-03-13,NON_GA,"[0.0, 1.0]"
hCoV-19/USA/AZ-TG269439/2020|EPI_ISL_426524|2020-03-20,NON_GA,"[0.0, 1.0]"
hCoV-19/USA/MN-QDX-1011/2020|EPI_ISL_571737|2020-03-14,NON_GA,"[0.0, 1.0]"
hCoV-19/USA/LA-SR0267/2020|EPI_ISL_445122|2020-03-31,NON_GA,"[0.0, 0.9999999999999999]"
hCoV-19/USA/LA-EVTL141/2020|EPI_ISL_455984|2020-03-30,NON_GA,"[0.0, 1.0]"
NODE_0002569,NON_GA,"[0.1110360661154147, 0.8889639338845852]"
hCoV-19/Spain/PV-IBV-000908/2020|EPI_ISL_452659|2020-03-26,NON_GA,"[0.0, 1.0]"
|GA-EHC-112H,GA,"[0.9999999999999999, 0.0]"
NODE_0002556,NON_GA,"[0.0008324309406928476, 0.9991675690593073]"
hCoV-19/USA/CA-UCLA-87/2020|EPI_ISL_537604|2020-03-19,NON_GA,"[0.0, 1.0]"
hCoV-19/USA/CA-QDX-1895/2020|EPI_ISL_604193|2020-03-14,NON_GA,"[0.0, 1.0]"
hCoV-19/USA/CA-QDX-1535/2020|EPI_ISL_603783|2020-03-17,NON_GA,"[0.0, 1.0]"
NODE_0002571,NON_GA,"[8.07371232737234e-05, 0.9999192628767262]"
hCoV-19/USA/MN-UW266/2020|EPI_ISL_418051|2020-03-13,NON_GA,"[0.0, 1.0]"
hCoV-19/USA/FL-BPHL-0661/2020|EPI_ISL_509719|2020-03-14,NON_GA,"[0.0, 0.9999999999999999]"
hCoV-19/USA/LA-QDX-742/2020|EPI_ISL_571531|2020-03-17,NON_GA,"[0.0, 0.9999999999999999]"
NODE_0002574,NON_GA,"[6.743390022646327e-05, 0.9999325660997735]"
hCoV-19/USA/UT-QDX-2240/2020|EPI_ISL_604595|2020-03-13,NON_GA,"[0.0, 0.9999999999999999]"
hCoV-19/USA/FL-QDX-2177/2020|EPI_ISL_604448|2020-03-14,NON_GA,"[0.0, 1.0]"
NODE_0002565,NON_GA,"[0.005858470036366567, 0.9941415299636335]"
|GA-EHC-121R,GA,"[1.0, 0.0]"
hCoV-19/USA/MN-QDX-954/2020|EPI_ISL_571755|2020-03-15,NON_GA,"[0.0, 1.0]"
hCoV-19/USA/MN-QDX-1694/2020|EPI_ISL_604008|2020-03-16,NON_GA,"[0.0, 0.9999999999999999]"
hCoV-19/USA/TX-HMH0281/2020|EPI_ISL_434909|2020-03-27,NON_GA,"[0.0, 1.0]"
hCoV-19/USA/MN-QDX-998/2020|EPI_ISL_571795|2020-03-14,NON_GA,"[0.0, 1.0]"
NODE_0002577,NON_GA,"[7.101857492817526e-09, 0.9999999928981425]"
hCoV-19/USA/ID-QDX-700/2020|EPI_ISL_571432|2020-03-18,NON_GA,"[0.0, 0.9999999999999999]"
hCoV-19/USA/ID-QDX-606/2020|EPI_ISL_571301|2020-03-18,NON_GA,"[0.0, 0.9999999999999999]"
hCoV-19/USA/ID-UNM-IBL311/2020|EPI_ISL_632861|2020-03-28,NON_GA,"[0.0, 1.0]"
hCoV-19/USA/CA-CZB-3644/2020|EPI_ISL_548358|2020-03-25,NON_GA,"[0.0, 0.9999999999999999]"
hCoV-19/USA/CA-ALSR-0687-SAN/2020|EPI_ISL_483303|2020-03-29,NON_GA,"[0.0, 1.0]"
hCoV-19/USA/UT-QDX-2549/2020|EPI_ISL_604864|2020-03-12,NON_GA,"[0.0, 0.9999999999999999]"
hCoV-19/USA/CA-CZB0710/2020|EPI_ISL_429042|2020-03-23,NON_GA,"[0.0, 1.0]"
hCoV-19/USA/ID-UNM-IBL053/2020|EPI_ISL_632853|2020-03-18,NON_GA,"[0.0, 0.9999999999999999]"
hCoV-19/USA/ID-UW-1957/2020|EPI_ISL_424315|2020-03-20,NON_GA,"[0.0, 1.0]"
hCoV-19/USA/ID-UNM-IBL038/2020|EPI_ISL_632876|2020-03-17,NON_GA,"[0.0, 1.0]"
hCoV-19/USA/ID-UW-1935/2020|EPI_ISL_424319|2020-03-22,NON_GA,"[0.0, 1.0]"
hCoV-19/USA/ID-UW-2174/2020|EPI_ISL_426061|2020-03-23,NON_GA,"[0.0, 1.0]"
hCoV-19/USA/CA-QDX-1169/2020|EPI_ISL_571816|2020-03-28,NON_GA,"[0.0, 1.0]"
hCoV-19/USA/UT-00361/2020|EPI_ISL_449810|2020-03-30,NON_GA,"[0.0, 0.9999999999999999]"
hCoV-19/USA/ID-UW-2195/2020|EPI_ISL_529161|2020-03-20,NON_GA,"[0.0, 1.0]"
hCoV-19/USA/MN-QDX-1565/2020|EPI_ISL_603975|2020-03-17,NON_GA,"[0.0, 1.0]"
hCoV-19/USA/ID-UNM-IBL033/2020|EPI_ISL_632852|2020-03-15,NON_GA,"[0.0, 1.0]"
hCoV-19/USA/ID-QDX-1720/2020|EPI_ISL_604029|2020-03-17,NON_GA,"[0.0, 1.0]"
hCoV-19/USA/ID-UW-4383/2020|EPI_ISL_430948|2020-03-29,NON_GA,"[0.0, 1.0]"
hCoV-19/USA/ID-UW-4357/2020|EPI_ISL_426065|2020-03-27,NON_GA,"[0.0, 0.9999999999999999]"
hCoV-19/USA/ID-QDX-1777/2020|EPI_ISL_604035|2020-03-17,NON_GA,"[0.0, 1.0]"
hCoV-19/USA/ID-QDX-1090/2020|EPI_ISL_571831|2020-03-19,NON_GA,"[0.0, 0.9999999999999999]"
hCoV-19/USA/ID-UW-1934/2020|EPI_ISL_424322|2020-03-20,NON_GA,"[0.0, 1.0]"
hCoV-19/USA/UT-QDX-1500/2020|EPI_ISL_603871|2020-03-14,NON_GA,"[0.0, 1.0]"
NODE_0002524,NON_GA,"[2.9389753964228834e-11, 0.9999999999706102]"
hCoV-19/USA/UT-QDX-2632/2020|EPI_ISL_604974|2020-03-12,NON_GA,"[0.0, 1.0]"
hCoV-19/USA/MS-CDC-6571/2020|EPI_ISL_648023|2020-03-13,NON_GA,"[0.0, 0.9999999999999999]"
hCoV-19/USA/MN-QDX-1732/2020|EPI_ISL_604074|2020-03-15,NON_GA,"[0.0, 1.0]"
hCoV-19/USA/MN-QDX-1358/2020|EPI_ISL_572147|2020-03-15,NON_GA,"[0.0, 1.0]"
hCoV-19/USA/TX-HMH0376/2020|EPI_ISL_434965|2020-03-30,NON_GA,"[0.0, 1.0]"
hCoV-19/USA/MN-QDX-2725/2020|EPI_ISL_605031|2020-03-13,NON_GA,"[0.0, 0.9999999999999999]"
hCoV-19/USA/VA-DCLS-0569/2020|EPI_ISL_485867|2020-03-17,NON_GA,"[0.0, 1.0]"
hCoV-19/USA/MN-QDX-1754/2020|EPI_ISL_604084|2020-03-16,NON_GA,"[0.0, 1.0]"
hCoV-19/USA/CA-QDX-941/2020|EPI_ISL_571586|2020-03-23,NON_GA,"[0.0, 0.9999999999999999]"
hCoV-19/USA/MN-QDX-1012/2020|EPI_ISL_571738|2020-03-15,NON_GA,"[0.0, 1.0]"
hCoV-19/USA/WA-UW-MAYO57/2020|EPI_ISL_500512|2020-03-27,NON_GA,"[0.0, 1.0]"
hCoV-19/USA/MN-QDX-994/2020|EPI_ISL_571791|2020-03-14,NON_GA,"[0.0, 0.9999999999999999]"
hCoV-19/USA/MN-QDX-1664/2020|EPI_ISL_604003|2020-03-16,NON_GA,"[0.0, 1.0]"
hCoV-19/USA/MN-QDX-1008/2020|EPI_ISL_571734|2020-03-15,NON_GA,"[0.0, 1.0]"
hCoV-19/USA/MN-QDX-1322/2020|EPI_ISL_572111|2020-03-15,NON_GA,"[0.0, 1.0]"
hCoV-19/USA/MN-QDX-1374/2020|EPI_ISL_572163|2020-03-15,NON_GA,"[0.0, 1.0]"
|GA-EHC-016P,GA,"[1.0, 0.0]"
hCoV-19/USA/MN-QDX-1013/2020|EPI_ISL_571739|2020-03-16,NON_GA,"[0.0, 1.0]"
hCoV-19/USA/MN-QDX-1341/2020|EPI_ISL_572130|2020-03-16,NON_GA,"[0.0, 1.0]"
hCoV-19/USA/MN-QDX-1334/2020|EPI_ISL_572123|2020-03-15,NON_GA,"[0.0, 1.0]"
hCoV-19/USA/LA-QDX-1203/2020|EPI_ISL_571944|2020-03-16,NON_GA,"[0.0, 1.0]"
hCoV-19/USA/TX-HMH-1726/2020|EPI_ISL_542795|2020-03-30,NON_GA,"[0.0, 1.0]"
hCoV-19/USA/MN-QDX-1359/2020|EPI_ISL_572148|2020-03-14,NON_GA,"[0.0, 0.9999999999999999]"
hCoV-19/USA/LA-QDX-1195/2020|EPI_ISL_571941|2020-03-16,NON_GA,"[0.0, 1.0]"
hCoV-19/USA/MN-QDX-2030/2020|EPI_ISL_604349|2020-03-15,NON_GA,"[0.0, 1.0]"
hCoV-19/USA/MN-QDX-1340/2020|EPI_ISL_572129|2020-03-15,NON_GA,"[0.0, 1.0]"
hCoV-19/USA/MN-QDX-967/2020|EPI_ISL_571766|2020-03-14,NON_GA,"[0.0, 0.9999999999999999]"
NODE_0002553,NON_GA,"[0.0005793602412839874, 0.999420639758716]"
hCoV-19/USA/FL-QDX-272/2020|EPI_ISL_571027|2020-03-17,NON_GA,"[0.0, 1.0]"
hCoV-19/USA/FL-BPHL-0708/2020|EPI_ISL_509766|2020-03-30,NON_GA,"[0.0, 0.9999999999999999]"
NODE_0002552,NON_GA,"[0.026121409451033393, 0.9738785905489666]"
hCoV-19/USA/LA-UW-MAYO90/2020|EPI_ISL_501078|2020-03-18,NON_GA,"[0.0, 0.9999999999999999]"
|GA-EHC-110F,GA,"[1.0, 0.0]"
